YYYYMMDD Kp[8]           Sum ap[8]                   Ap
20190101 1 1+3-2-2 0+0 1-10-  4  5 12  6  7  2  0  3  5
20190102 0 0 0 0 0+0+0 0  1-  0  0  0  0  2  2  0  0  0
20190103 1 0 0 0+0+0 0 0+ 2   4  0  0  2  2  0  0  2  1
20190104 1+0+1 2-2 3 3-3+15+  5  2  4  6  7 15 12 18  9
20190105 5 4 2+2+2-2+2 3 23- 48 27  9  9  6  9  7 15 16
20190106 2-3-2+2-2 3-3 2 18   6 12  9  6  7 12 15  7  9
20190107 2-2+2-2 2-0+0+2 12   6  9  6  7  6  2  2  7  6
20190108 2+2-1+2+1+1-1+0+11+  9  6  5  9  5  3  5  2  6
20190109 2-1-1 1+1-0+1 1  8-  6  3  4  5  3  2  4  4  4
20190110 1 1-1 1 1+0+0 1- 6   4  3  4  4  5  2  0  3  3
20190111 1+2-3+1+1+0+1+0+11   5  6 18  5  5  2  5  2  6
20190112 1-0+0 0 1 1-0+0+ 3+  3  2  0  0  4  3  2  2  2
20190113 0+1 1-1-0 0 1-1  4+  2  4  3  3  0  0  3  4  2
20190114 2 2-2 2 1-2-1 3-14-  7  6  7  7  3  6  4 12  6
20190115 3-1-1+1-1-1 1+1  9+ 12  3  5  3  3  4  5  4  5
20190116 0+2-2-0+0+1 2 3-10   2  6  6  2  2  4  7 12  5
20190117 3-2 1-1+1 2 2 2-13+ 12  7  3  5  4  7  7  6  6
20190118 2-1+1-2 1+2-1 1-10+  6  5  3  7  5  6  4  3  5
20190119 0+0 1-2-0 1 1 3- 7+  2  0  3  6  0  4  4 12  4
20190120 2-1 1-0+1-1-1-1- 6+  6  4  3  2  3  3  3  3  3
20190121 1 0+0 0+0+1-1+2- 6-  4  2  0  2  2  3  5  6  3
20190122 0 0+0 0 0+1 2-2  5+  0  2  0  0  2  4  6  7  3
20190123 3-2+2 3-3 2+2+4 21+ 12  9  7 12 15  9  9 27 12
20190124 4-3+4-1+1+3-4-4+24  22 18 22  5  5 12 22 32 17
20190125 2 3-3+3-3+3 2+2-21   7 12 18 12 18 15  9  6 12
20190126 2-2-1+1 3 3-1-1-13-  6  6  5  4 15 12  3  3  7
20190127 2 1+1+1 0+0+1 1- 8   7  5  5  4  2  2  4  3  4
20190128 1-0 0+0 0 0+0+0  2-  3  0  2  0  0  2  2  0  1
20190129 2-0 0 0+1-0+0 0  3   6  0  0  2  3  2  0  0  2
20190130 0 0 0 0 0 0 1 1  2   0  0  0  0  0  0  4  4  1
20190131 1 0+1 1 3-3+3 5+18-  4  2  4  4 12 18 15 56 14
20190201 2+3+3+2+2+4-3 4-24   9 18 18  9  9 22 15 22 15
20190202 4-4 3 2+2 3+3 3 24+ 22 27 15  9  7 18 15 15 16
20190203 3+3 3-1 1+2+2 2+18  18 15 12  4  5  9  7  9 10
20190204 1-0 1-0+1+2-3 2+10   3  0  3  2  5  6 15  9  5
20190205 3 1+1-0+0+1 1 0+ 8  15  5  3  2  2  4  4  2  5
20190206 1 2 2 3-3-1+2+2+16+  4  7  7 12 12  5  9  9  8
20190207 2-1+1 0 0+1-1 2  8   6  5  4  0  2  3  4  7  4
20190208 2 2-2-1+1-1+2+4-15-  7  6  6  5  3  5  9 22  8
20190209 3-2 2 2+2-2+3 1 17  12  7  7  9  6  9 15  4  9
20190210 2+3-1-1+0+0+1 1 10-  9 12  3  5  2  2  4  4  5
20190211 1 1+2-1-3 3 2 2+15   4  5  6  3 15 15  7  9  8
20190212 2 2+0+0+1 1-0 2+ 9   7  9  2  2  4  3  0  9  4
20190213 2-3-3-4-4-3 1+2 21-  6 12 12 22 22 15  5  7 13
20190214 3-3+2+3 0+1-2+2-16+ 12 18  9 15  2  3  9  6  9
20190215 2+1 1-0+1-0+1-0  6   9  4  3  2  3  2  3  0  3
20190216 0 0 1 0 1 2 1+1- 6   0  0  4  0  4  7  5  3  3
20190217 0 0 1-0+0 0+2 2+ 6-  0  0  3  2  0  2  7  9  3
20190218 3 3 0+1+1+1 0+0+11- 15 15  2  5  5  4  2  2  6
20190219 0+1 1 0+0 0+1-0+ 4   2  4  4  2  0  2  3  2  2
20190220 0+0 0+0 0+1 1+2- 5   2  0  2  0  2  4  5  6  3
20190221 3-2 4-2-3-2-1 3 18+ 12  7 22  6 12  6  4 15 10
20190222 2 0+1 1-0+0 1-1+ 6+  7  2  4  3  2  0  3  5  3
20190223 0+0 0+0 0 1 1 0  3-  2  0  2  0  0  4  4  0  2
20190224 0 0 1-1-1 0 0 0  2+  0  0  3  3  4  0  0  0  1
20190225 0 0 1-0+0 0+0 1- 2   0  0  3  2  0  2  0  3  1
20190226 1-0 0 1-0+1 0 1- 3+  3  0  0  3  2  4  0  3  2
20190227 1 0 1-1 3 3+3 4 16   4  0  3  4 15 18 15 27 11
20190228 4+3+2 3+4+4-5-3 29- 32 18  7 18 32 22 39 15 23
20190301 4+4 3 4-3-4-4 4 29+ 32 27 15 22 12 22 27 27 23
20190302 4 3+3 2 2 3 2 2-21  27 18 15  7  7 15  7  6 13
20190303 2+3-1-1-1+1-1-2 11   9 12  3  3  5  3  3  7  6
20190304 1+2+1+2 2 1 0+2 12+  5  9  5  7  7  4  2  7  6
20190305 2+1 0+1-1 1-1-2  9-  9  4  2  3  4  3  3  7  4
20190306 1 2-3 1+2 1-2 2-13+  4  6 15  5  7  3  7  6  7
20190307 0+0+0 0+2+3-3-3-11+  2  2  0  2  9 12 12 12  6
20190308 3-1-1 2-0 1-0+1+ 8+ 12  3  4  6  0  3  2  5  4
20190309 0+0 1-1 2+1 1 2+ 9-  2  0  3  4  9  4  4  9  4
20190310 2+2 1-0+0+0+0 0+ 6+  9  7  3  2  2  2  0  2  3
20190311 0 0 1-1+1-0 0+1- 4-  0  0  3  5  3  0  2  3  2
20190312 2-1+3-2 1+1-1+1+12+  6  5 12  7  5  3  5  5  6
20190313 0+2-1+0+1-1-1+0+ 7-  2  6  5  2  3  3  5  2  4
20190314 0 1 1+1-3-1+3-3 13-  0  4  5  3 12  5 12 15  7
20190315 2+3-2 1-1-1 3-1 13   9 12  7  3  3  4 12  4  7
20190316 1-1+2-3 2+3-2+5-19-  3  5  6 15  9 12  9 39 12
20190317 5-4 4 3-2-2 1-0+20  39 27 27 12  6  7  3  2 15
20190318 0+1-0 0+1-1-1-0+ 4-  2  3  0  2  3  3  3  2  2
20190319 1-1-1 2-2 2-3-2+13-  3  3  4  6  7  6 12  9  6
20190320 1-2-1+1+2-2-1-1 10   3  6  5  5  6  6  3  4  5
20190321 0+1 0+0+0+0 0 0  2+  2  4  2  2  2  0  0  0  2
20190322 0 0 1-0 0+0+0 0  1+  0  0  3  0  2  2  0  0  1
20190323 0 0 0 1 0+0 0 0  1+  0  0  0  4  2  0  0  0  1
20190324 0 0 0+0 0 0 0 2  2+  0  0  2  0  0  0  0  7  1
20190325 2 1 1-0+1 1+0+2+ 9   7  4  3  2  4  5  2  9  4
20190326 2+2+0+0+1-0+0+2- 8+  9  9  2  2  3  2  2  6  4
20190327 2 2-3-2 2-1-2 1-13+  7  6 12  7  6  3  7  3  6
20190328 1-2+2+2 3 2 2 3 17+  3  9  9  7 15  7  7 15  9
20190329 2 2 2 2 1 2-2 1+14   7  7  7  7  4  6  7  5  6
20190330 2 1+0+0+1-0+0+0+ 6-  7  5  2  2  3  2  2  2  3
20190331 2+4-3-1 2 2-2+1-16+  9 22 12  4  7  6  9  3  9
20190401 2+2-2 3-2 2 1-0 13+  9  6  7 12  7  7  3  0  6
20190402 1-0+1-0+1-1-3+3 10-  3  2  3  2  3  3 18 15  6
20190403 2+3+3-2-2+2-2 3-19-  9 18 12  6  9  6  7 12 10
20190404 3-2-1+2+3-4-2+1 18- 12  6  5  9 12 22  9  4 10
20190405 3 3+3-2-3-2+3-3-21  15 18 12  6 12  9 12 12 12
20190406 2+3 2-1+1-1 2 1+13+  9 15  6  5  3  4  7  5  7
20190407 0+2-0+1 2-1-1+2  9   2  6  2  4  6  3  5  7  4
20190408 3-3+2+2-3 3 2 2+20+ 12 18  9  6 15 15  7  9 11
20190409 3+2 2+2 2-2+2 2 18- 18  7  9  7  6  9  7  7  9
20190410 4-4 3-1 2 3+3 1+21  22 27 12  4  7 18 15  5 14
20190411 1+3-2-2 2 2 1-1-13   5 12  6  7  7  7  3  3  6
20190412 3 2-1+1 2-2-2-2+14+ 15  6  5  4  6  6  6  9  7
20190413 3 3 2-0+1 1-2 1+13  15 15  6  2  4  3  7  5  7
20190414 1-2-2-0+1-1-0+1+ 7+  3  6  6  2  3  3  2  5  4
20190415 1+1+2+2+1+1-2+2 14-  5  5  9  9  5  3  9  7  6
20190416 2 2-2+1+1+1-1+1-11+  7  6  9  5  5  3  5  3  5
20190417 1-1-0 0+0 1-2-1+ 5+  3  3  0  2  0  3  6  5  3
20190418 0 0 0 0 1 1-1-1- 3   0  0  0  0  4  3  3  3  2
20190419 0 0+1+1+1+1 2-1  8   0  2  5  5  5  4  6  4  4
20190420 1 1-1-1-1-1-1+1  7-  4  3  3  3  3  3  5  4  4
20190421 2-1 1-1-1-0+0+0+ 6-  6  4  3  3  3  2  2  2  3
20190422 0 0 1 0+1 1+1 0+ 5   0  0  4  2  4  5  4  2  3
20190423 1 0+0+1-1-2+3+3+12   4  2  2  3  3  9 18 18  7
20190424 3 1+0+2-2+2-1-1+12+ 15  5  2  6  9  6  3  5  6
20190425 1 2-2-2-2-0+1 0+ 9+  4  6  6  6  6  2  4  2  4
20190426 1-0 0+1-1-1+1+2- 7-  3  0  2  3  3  5  5  6  3
20190427 1 0+2 2-1+1 2 2 11+  4  2  7  6  5  4  7  7  5
20190428 1-0+1 0+1-1+2 2  8+  3  2  4  2  3  5  7  7  4
20190429 2-1 0 1 1+2 1-1  9-  6  4  0  4  5  7  3  4  4
20190430 2-1 0 1-1 1 2-1+ 8+  6  4  0  3  4  4  6  5  4
20190501 0+2-1+1+2 3-4 4-17   2  6  5  5  7 12 27 22 11
20190502 3+3+2+2+2 2+3-1 19+ 18 18  9  9  7  9 12  4 11
20190503 2 2 2-1 2-1+2 3-14+  7  7  6  4  6  5  7 12  7
20190504 1-2 2 3-3-3-2+1+16+  3  7  7 12 12 12  9  5  8
20190505 1+1 0 0+0+1 1-1- 5+  5  4  0  2  2  4  3  3  3
20190506 1 0+0+1 2-1+2-1+ 9-  4  2  2  4  6  5  6  5  4
20190507 1+2 1-0+1 1+2-1- 9   5  7  3  2  4  5  6  3  4
20190508 1-0+0 0 0 0+0+1  3-  3  2  0  0  0  2  2  4  2
20190509 1+1+2+2-1+1 1 2+12+  5  5  9  6  5  4  4  9  6
20190510 1+2-1-1-1 2 3-3 13   5  6  3  3  4  7 12 15  7
20190511 5 4-4+4 4 2+2+4-29+ 48 22 32 27 27  9  9 22 24
20190512 2-1-1 0+0 1 1+1+ 7+  6  3  4  2  0  4  5  5  4
20190513 1-0+1 2-1 3-2-2 11   3  2  4  6  4 12  6  7  6
20190514 3+6-6+3+2 4-4-1+29+ 18 67 94 18  7 22 22  5 32
20190515 1-2-1-0+2-2+2+1-10+  3  6  3  2  6  9  9  3  5
20190516 1 2-1+1 1+1 3-3 13   4  6  5  4  5  4 12 15  7
20190517 2+1-1 0+1+1 0+1- 8-  9  3  4  2  5  4  2  3  4
20190518 1-1-2-2 1 0+0+0+ 7   3  3  6  7  4  2  2  2  4
20190519 0 1-1-0+0+0+0+2- 4+  0  3  3  2  2  2  2  6  2
20190520 3+2-1 1-1 1 0+0+ 9+ 18  6  4  3  4  4  2  2  5
20190521 1-1 0+1-2-0+0+0+ 5+  3  4  2  3  6  2  2  2  3
20190522 0+1+2-1 1-0+1 1  7+  2  5  6  4  3  2  4  4  4
20190523 1-1 0+1+1+1+1 2- 9-  3  4  2  5  5  5  4  6  4
20190524 1 2-0+0+1-1+2-1+ 8+  4  6  2  2  3  5  6  5  4
20190525 0+0+0+0+0+2-1+1  6-  2  2  2  2  2  6  5  4  3
20190526 1-1-0+0+0+1-0+3  6+  3  3  2  2  2  3  2 15  4
20190527 2+2+3+1+1 2+2 1-15+  9  9 18  5  4  9  7  3  8
20190528 1-1 1 1+3-1 2+3 13   3  4  4  5 12  4  9 15  7
20190529 3+4-3+2+2 2-2+3 22- 18 22 18  9  7  6  9 15 13
20190530 3 2 1+2-1+1+2+2 15  15  7  5  6  5  5  9  7  7
20190531 2-1+1+1-0+0+1-0+ 7-  6  5  5  3  2  2  3  2  4
20190601 1-0+1-1-0+0+1 1- 5-  3  2  3  3  2  2  4  3  3
20190602 2 0+0+0+0+0+0+1  5   7  2  2  2  2  2  2  4  3
20190603 0+0 0+1+1+1+1-1- 6   2  0  2  5  5  5  3  3  3
20190604 1+1+1+1 2-2+2+2 13+  5  5  5  4  6  9  9  7  6
20190605 2+1-1-0+0+1-1 1- 7-  9  3  3  2  2  3  4  3  4
20190606 1-1-1-0+0+0 0+0  3   3  3  3  2  2  0  2  0  2
20190607 0+0+1 1-1+1+1 1- 7-  2  2  4  3  5  5  4  3  4
20190608 1-1-1-2-3+5 5+4-21   3  3  3  6 18 48 56 22 20
20190609 3 2-1+1 1 1 1 1+11+ 15  6  5  4  4  4  4  5  6
20190610 0+0+0 0+1-1-1-1- 4-  2  2  0  2  3  3  3  3  2
20190611 1-1-0+0+0+0+0+0+ 3+  3  3  2  2  2  2  2  2  2
20190612 1 1-1-0+1+1-0+0+ 5+  4  3  3  2  5  3  2  2  3
20190613 1+2-2 1+2+2-2-4 16   5  6  7  5  9  6  6 27  9
20190614 2+2-2+2-2-1 1-1-12   9  6  9  6  6  4  3  3  6
20190615 0+1 1+1+1-1-0 1- 6   2  4  5  5  3  3  0  3  3
20190616 1 1+1 0+1-1 1-1- 7-  4  5  4  2  3  4  3  3  4
20190617 0 0+0+1-1 1-0+0  3+  0  2  2  3  4  3  2  0  2
20190618 0+0+0+0+1+1-1 1- 5   2  2  2  2  5  3  4  3  3
20190619 1-0+1-1 1 1-0+1- 5+  3  2  3  4  4  3  2  3  3
20190620 0+2-2+2-1 1 2 2+12+  2  6  9  6  4  4  7  9  6
20190621 1+2-1 1+1+1-1+2+11   5  6  4  5  5  3  5  9  5
20190622 1+2-1+1-0+1-0+0  6+  5  6  5  3  2  3  2  0  3
20190623 0 0 0+1-1+1-0+0+ 4-  0  0  2  3  5  3  2  2  2
20190624 2-2-0+1-2-1-1+1- 9-  6  6  2  3  6  3  5  3  4
20190625 1-0+0+1-1 0+1-1+ 5+  3  2  2  3  4  2  3  5  3
20190626 2-1+2-2-1 1 0+1+10   6  5  6  6  4  4  2  5  5
20190627 1+1 0 0+1 1-1 1- 6   5  4  0  2  4  3  4  3  3
20190628 2 1 0+0+1-1-1 1- 7-  7  4  2  2  3  3  4  3  4
20190629 0+0+1-0+1-1-1-1  5-  2  2  3  2  3  3  3  4  3
20190630 2+0+0+0+1+1-0+1  7-  9  2  2  2  5  3  2  4  4
20190701 2+3 2+1+2 1+1+2-15+  9 15  9  5  7  5  5  6  8
20190702 1+1-1 1 1+2-2 0+ 9+  5  3  4  4  5  6  7  2  4
20190703 0 0+1+1 1+1+1+0  7-  0  2  5  4  5  5  5  0  3
20190704 0 0+0+0+2 1+2+2  9-  0  2  2  2  7  5  9  7  4
20190705 2-1-1 1 2-1-0+0+ 7+  6  3  4  4  6  3  2  2  4
20190706 1 1 1-1-0+0+0+1- 5   4  4  3  3  2  2  2  3  3
20190707 0+1 1+1 1 1-1 2- 8   2  4  5  4  4  3  4  6  4
20190708 2+1+1-0 0+1-4-3+12+  9  5  3  0  2  3 22 18  8
20190709 3 2+2 2-2-3-5 3+22- 15  9  7  6  6 12 48 18 15
20190710 2-4+5-3+2+2 1 2-21   6 32 39 18  9  7  4  6 15
20190711 3-2 3 1 1 1-1-0+11+ 12  7 15  4  4  3  3  2  6
20190712 1-1+2 2-1+1-1-1  9+  3  5  7  6  5  3  3  4  4
20190713 0+1-1 2-2-2 2+1+11   2  3  4  6  6  7  9  5  5
20190714 2 1-1-0+1-1 2-2+ 9+  7  3  3  2  3  4  6  9  5
20190715 3-2-1 2+2-1 2+0+13  12  6  4  9  6  4  9  2  6
20190716 0+1+2-1+1 1 2-1  9+  2  5  6  5  4  4  6  4  4
20190717 1+2+1+1 1+1-1 2-11-  5  9  5  4  5  3  4  6  5
20190718 0+0 0+1-1 1 1-1+ 5+  2  0  2  3  4  4  3  5  3
20190719 1-0+0+1 1-1-1-1  5+  3  2  2  4  3  3  3  4  3
20190720 0 0 1-0+1-0+1-0+ 3   0  0  3  2  3  2  3  2  2
20190721 0 1-2-1+1 2-3 4-13   0  3  6  5  4  6 15 22  8
20190722 2-1+2+2+2+2-2 1 15-  6  5  9  9  9  6  7  4  7
20190723 1-2 2 2-2 1-1-2-11+  3  7  7  6  7  3  3  6  5
20190724 1 1 0 1-1+1+1 1+ 8-  4  4  0  3  5  5  4  5  4
20190725 0+0 0 0+1 1-0+1- 3+  2  0  0  2  4  3  2  3  2
20190726 0 0 0+0+0+0+0+0+ 2   0  0  2  2  2  2  2  2  2
20190727 0+0+0+1+1-1 2+1+ 8-  2  2  2  5  3  4  9  5  4
20190728 1+2-1 1 1 1 1-0+ 8   5  6  4  4  4  4  3  2  4
20190729 2-2-1+0+1 1+0+0+ 8   6  6  5  2  4  5  2  2  4
20190730 1+0+0 1-3-3+2+3-13+  5  2  0  3 12 18  9 12  8
20190731 3-1+3-1+1 1 2-2 14- 12  5 12  5  4  4  6  7  7
20190801 3+2-1+1-1-1-2-3-13- 18  6  5  3  3  3  6 12  7
20190802 1 1 1 1-1-0+0+1- 6-  4  4  4  3  3  2  2  3  3
20190803 0+0+0 0+0+0+1-0+ 3-  2  2  0  2  2  2  3  2  2
20190804 0+0+2-1 0+1-0+1  6-  2  2  6  4  2  3  2  4  3
20190805 1-3 5 5+5+5 4-4-32-  3 15 48 56 56 48 22 22 34
20190806 3-3-2 3 2+2 1 3-18+ 12 12  7 15  9  7  4 12 10
20190807 2+2-1 1+1 1 1 2 11+  9  6  4  5  4  4  4  7  5
20190808 1+2-1+1 3-2 1 1-12-  5  6  5  4 12  7  4  3  6
20190809 0 1-1+2-1+2 2-3-11+  0  3  5  6  5  7  6 12  6
20190810 3-2-1+2-2-1 1+2-13  12  6  5  6  6  4  5  6  6
20190811 0+1 1 2-2+1 1 2 10+  2  4  4  6  9  4  4  7  5
20190812 1-1+1 1+1+1 1 2- 9+  3  5  4  5  5  4  4  6  4
20190813 2-1+1 2 2-2 1+2-13-  6  5  4  7  6  7  5  6  6
20190814 1 1 1 1+1 1-0+0+ 7-  4  4  4  5  4  3  2  2  4
20190815 0 1-1-1-1 1-1+1  6   0  3  3  3  4  3  5  4  3
20190816 1+1-1+2 1 1-1-0+ 8   5  3  5  7  4  3  3  2  4
20190817 1+2 1-1 1 1-0+0+ 7+  5  7  3  4  4  3  2  2  4
20190818 3-2-1+1-1-1 1+1 10+ 12  6  5  3  3  4  5  4  5
20190819 1-1 0+1-1-1 0+1- 5+  3  4  2  3  3  4  2  3  3
20190820 2-1+1-1-1+1-1-1  8   6  5  3  3  5  3  3  4  4
20190821 1 1+1 0+1-1+1 0+ 7   4  5  4  2  3  5  4  2  4
20190822 1+1 1 1+1-1-2+2-10   5  4  4  5  3  3  9  6  5
20190823 1-2-1 1+0+0+1-1- 7-  3  6  4  5  2  2  3  3  4
20190824 2 1+0+1+0+1 1-0  7   7  5  2  5  2  4  3  0  4
20190825 1 1 2-0+0+0+0+1- 6-  4  4  6  2  2  2  2  3  3
20190826 1+0+1 2 1 1 1+2+10+  5  2  4  7  4  4  5  9  5
20190827 3-3 2 3 2 2-2+2 19- 12 15  7 15  7  6  9  7 10
20190828 2 2-1+1-1 1-1-0+ 8+  7  6  5  3  4  3  3  2  4
20190829 1-0 0 1-2-1 1-1- 5+  3  0  0  3  6  4  3  3  3
20190830 1-1 1 1+3-3-3+3 16-  3  4  4  5 12 12 18 15  9
20190831 4-5-4 5+6-4 4+4+36  22 39 27 56 67 27 32 32 38
20190901 5-5-5+5 5+4+5-5-39- 39 39 56 48 56 32 39 39 44
20190902 5 4 4-3-2 3-4 3+27+ 48 27 22 12  7 12 27 18 22
20190903 3 3-2+2 2-1+2-2-16+ 15 12  9  7  6  5  6  6  8
20190904 3 3-3-2 2+2 3 2 20- 15 12 12  7  9  7 15  7 10
20190905 3+4 3 3-2-1+2 2+20+ 18 27 15 12  6  5  7  9 12
20190906 2-3+2 3-1-0+2-1-13   6 18  7 12  3  2  6  3  7
20190907 0+1+2+1+1+2-2-2+12+  2  5  9  5  5  6  6  9  6
20190908 2-2 2+2-2-2+2+3-17-  6  7  9  6  6  9  9 12  8
20190909 3 2+3 3+3 3+2-2+22  15  9 15 18 15 18  6  9 13
20190910 1+1+1-2 2-0+0 0+ 8-  5  5  3  7  6  2  0  2  4
20190911 1-1 2 2-1 1 1-0+ 8+  3  4  7  6  4  4  3  2  4
20190912 1+1-2-2 1+2-1+1 11   5  3  6  7  5  6  5  4  5
20190913 2 3-3-2-2-1 1+1 14   7 12 12  6  6  4  5  4  7
20190914 0 2 2-2-1 1-2-2 11-  0  7  6  6  4  3  6  7  5
20190915 1 3-2 1+1+2-2 3 15   4 12  7  5  5  6  7 15  8
20190916 4-4 1+1 1-2 2 2 17- 22 27  5  4  3  7  7  7 10
20190917 3+1+1-1-0+1-2+4-13  18  5  3  3  2  3  9 22  8
20190918 3-2-2 2 3 1 1+1+15  12  6  7  7 15  4  5  5  8
20190919 1 0+1-1-1-0+1+0+ 5+  4  2  3  3  3  2  5  2  3
20190920 1 0+0+0+1-0+1-1- 4+  4  2  2  2  3  2  3  3  3
20190921 2+2 2+2 1+1 1 1+13+  9  7  9  7  5  4  4  5  6
20190922 2+1 0+0+0+1-1-0+ 6   9  4  2  2  2  3  3  2  3
20190923 0+0 0+1-0+1+1-1- 4+  2  0  2  3  2  5  3  3  2
20190924 2+3 2+1-3+4-3-1 19   9 15  9  3 18 22 12  4 12
20190925 0+1-2 2-0+0+0+1+ 7   2  3  7  6  2  2  2  5  4
20190926 2+1-0+0+0+0 0 1  5   9  3  2  2  2  0  0  4  3
20190927 0+1+2-2-3+4+5+5 23   2  5  6  6 18 32 56 48 22
20190928 2+4+5-4+3+3 4-4-29+  9 32 39 32 18 15 22 22 24
20190929 2-3-2+2-1 4-4-3+20   6 12  9  6  4 22 22 18 12
20190930 3 3+4-2+2 3-1+2+21- 15 18 22  9  7 12  5  9 12
20191001 3+4 3 2+1 1-1-1+16+ 18 27 15  9  4  3  3  5 10
20191002 3 0 0 2 3-1 1 2+12  15  0  0  7 12  4  4  9  6
20191003 2-1+1 1 0+1-1+1  8+  6  5  4  4  2  3  5  4  4
20191004 1 2-3-2-2 2 2-1-13+  4  6 12  6  7  7  6  3  6
20191005 1+1+1 2 2-2-2-3 14-  5  5  4  7  6  6  6 15  7
20191006 1 2 2-1+1-1+0 0+ 8+  4  7  6  5  3  5  0  2  4
20191007 0+1-1 1-1+3-2+2 11   2  3  4  3  5 12  9  7  6
20191008 1+1+1+1-1-1 2-1  9   5  5  5  3  3  4  6  4  4
20191009 2-2+2-4-1+2-1 1+15-  6  9  6 22  5  6  4  5  8
20191010 1+4+4+2 1+3 1+2-19+  5 32 32  7  5 15  5  6 13
20191011 1-1 2 2 1+3 2+1+14-  3  4  7  7  5 15  9  5  7
20191012 2 2 1-1+1 1-1 1- 9+  7  7  3  5  4  3  4  3  4
20191013 1-0 0 0 0 0 0 0  1-  3  0  0  0  0  0  0  0  0
20191014 1-2-1 1 1 2 2 1-10   3  6  4  4  4  7  7  3  5
20191015 2+1-0 0+0 0+2-1+ 7-  9  3  0  2  0  2  6  5  3
20191016 2-1+2 1+1 0+2-2-11   6  5  7  5  4  2  6  6  5
20191017 2-1+2-1+1 1 1 1 10   6  5  6  5  4  4  4  4  5
20191018 1 2 2-1+1+1-1 2-11-  4  7  6  5  5  3  4  6  5
20191019 1 1-1-1 1 2-2-1  9-  4  3  3  4  4  6  6  4  4
20191020 1-1+1 1-1-1-1+2+ 9-  3  5  4  3  3  3  5  9  4
20191021 3-0+1-2-1-0 1 1+ 8+ 12  2  3  6  3  0  4  5  4
20191022 0 0+1-1-0+1+1+0  5-  0  2  3  3  2  5  5  0  2
20191023 0+0 0 0 0+1-1-0  2   2  0  0  0  2  3  3  0  1
20191024 0 1+1+4 3 4+4 4+22+  0  5  5 27 15 32 27 32 18
20191025 5-4 5+4 3+3+2+2+29+ 39 27 56 27 18 18  9  9 25
20191026 3+3 3 5-4 4+4-4-30- 18 15 15 39 27 32 22 22 24
20191027 4 3 3 2-1+3 4 3-23- 27 15 15  6  5 15 27 12 15
20191028 2+3-3+2 2-2 3-2+19   9 12 18  7  6  7 12  9 10
20191029 3-3 1-0 1-3-2+1+13+ 12 15  3  0  3 12  9  5  7
20191030 1 1+1 1 2+2+2+2+14-  4  5  4  4  9  9  9  9  7
20191031 4-0+0+1+0 0+3-2-10+ 22  2  2  5  0  2 12  6  6
20191101 1+2+1-0+1-0 0 0  5+  5  9  3  2  3  0  0  0  3
20191102 0 0 0 0 0 0 0+1  1+  0  0  0  0  0  0  2  4  1
20191103 1 0+0 0 0 0 0 1- 2   4  2  0  0  0  0  0  3  1
20191104 1 1-2 1 1 1-1-0+ 7+  4  3  7  4  4  3  3  2  4
20191105 2-1 0 1 1 2 2 2 11-  6  4  0  4  4  7  7  7  5
20191106 2-1 1-1-2 1+1+3-11+  6  4  3  3  7  5  5 12  6
20191107 2 2 1-1 0 1-0+0+ 7   7  7  3  4  0  3  2  2  4
20191108 1-0+0 1-1-1 1-1  5   3  2  0  3  3  4  3  4  3
20191109 2+2-0 0+1-1-0+2- 8-  9  6  0  2  3  3  2  6  4
20191110 1+0+1+1 0+0 0 0  4+  5  2  5  4  2  0  0  0  2
20191111 0 2-1+3-2+3-2-3-15   0  6  5 12  9 12  6 12  8
20191112 2+1-1-0+1 1 0+0  6+  9  3  3  2  4  4  2  0  3
20191113 0 0 0 0 0 0 1-1+ 2   0  0  0  0  0  0  3  5  1
20191114 2 1 0+0+1-0+0 0  5-  7  4  2  2  3  2  0  0  2
20191115 0 0 0 0+0+1 1+1- 4-  0  0  0  2  2  4  5  3  2
20191116 2-2-0+1-2-2-2+2 12   6  6  2  3  6  6  9  7  6
20191117 1+1 1-0 0+0+1+3- 8-  5  4  3  0  2  2  5 12  4
20191118 0 0 0 0 0 0 0+0  0+  0  0  0  0  0  0  2  0  0
20191119 0 1+0+0 0 1 1 0  4-  0  5  2  0  0  4  4  0  2
20191120 0 1 0 0 0 0 0 1  2   0  4  0  0  0  0  0  4  1
20191121 2-2-1 2-2 3 3 4-18-  6  6  4  6  7 15 15 22 10
20191122 4 2 2+2 3-3 3 2+21+ 27  7  9  7 12 15 15  9 13
20191123 3 2 1+3-3-2+3-2-18+ 15  7  5 12 12  9 12  6 10
20191124 3+3 3-2-3-2+1+2+19+ 18 15 12  6 12  9  5  9 11
20191125 2-1-1 1 1-1 1-2  9-  6  3  4  4  3  4  3  7  4
20191126 2-2 0 0 0 0+0+0+ 5-  6  7  0  0  0  2  2  2  2
20191127 0+1-1-1 1 2 2-1+ 9-  2  3  3  4  4  7  6  5  4
20191128 1+0+0+0+0+1 2-0+ 6-  5  2  2  2  2  4  6  2  3
20191129 1-1-0+1-1-1 1+3- 8   3  3  2  3  3  4  5 12  4
20191130 1+1-0+0+1-1-1 1+ 6+  5  3  2  2  3  3  4  5  3
20191201 1+1-0 0 1-1 1+2- 7-  5  3  0  0  3  4  5  6  3
20191202 0+1 1-0 0 0 0 0  2   2  4  3  0  0  0  0  0  1
20191203 0 0+0 0+0 0+0+0+ 2-  0  2  0  2  0  2  2  2  1
20191204 1 2-1-0+1 0+1-0  6-  4  6  3  2  4  2  3  0  3
20191205 0 0 0 1-1-1-0+0  2+  0  0  0  3  3  3  2  0  1
20191206 0 1 1-0+1-1-0+1- 4+  0  4  3  2  3  3  2  3  2
20191207 1-0 0 1-0+0+0+1- 3   3  0  0  3  2  2  2  3  2
20191208 0 0+0+0 0+1-1+1+ 4+  0  2  2  0  2  3  5  5  2
20191209 3-1 0 0 0+1-0+2- 7- 12  4  0  0  2  3  2  6  4
20191210 1-2 1 1 0+0+1-1  7   3  7  4  4  2  2  3  4  4
20191211 3-2 0+1-1 2-1-2-11- 12  7  2  3  4  6  3  6  5
20191212 1 0 1+1+0+0 0+2- 6   4  0  5  5  2  0  2  6  3
20191213 1+2 1+0+0 0+1-0  6   5  7  5  2  0  2  3  0  3
20191214 1-0 0+0 0+0+0 1+ 3   3  0  2  0  2  2  0  5  2
20191215 2 2 1 0+0+0+1-2+ 9   7  7  4  2  2  2  3  9  4
20191216 1-0 0+0 1 1-0+0  3   3  0  2  0  4  3  2  0  2
20191217 0 1-1 1-0 0 0 0  2+  0  3  4  3  0  0  0  0  1
20191218 1 1+1+3+4-4 3-1+19-  4  5  5 18 22 27 12  5 12
20191219 3 4-4-2+2 2+1+0+19- 15 22 22  9  7  9  5  2 11
20191220 2+1 1 0+2-2 1 2-11   9  4  4  2  6  7  4  6  5
20191221 2+0+1+1 1-0+2-1- 8+  9  2  5  4  3  2  6  3  4
20191222 2-0 2-0 0+0+1 1  6   6  0  6  0  2  2  4  4  3
20191223 0 1+0+1+1 1-0 0+ 5   0  5  2  5  4  3  0  2  3
20191224 1+0 0+0+0+0 0 0  2+  5  0  2  2  2  0  0  0  1
20191225 0+0 1-1-0+1 2-2- 6+  2  0  3  3  2  4  6  6  3
20191226 2+1 0+1-0+1-1-1  7   9  4  2  3  2  3  3  4  4
20191227 1 1-1-1-0 0+0 0  3+  4  3  3  3  0  2  0  0  2
20191228 1-0+0 0 0 0+0 0+ 2-  3  2  0  0  0  2  0  2  1
20191229 0 0 0+0 0 0 0 1- 1   0  0  2  0  0  0  0  3  1
20191230 0 0 0+0+0 1-0+1- 2+  0  0  2  2  0  3  2  3  2
20191231 1-1 0+0 1-1-1+1- 5+  3  4  2  0  3  3  5  3  3
