YYYYMMDD Kp[8]           Sum ap[8]                   Ap
20140101 1-1+2 2 4-3 3 3 19-  3  5  7  7 22 15 15 15 11
20140102 3+4+3+2+3-3+4+2+26  18 32 18  9 12 18 32  9 18
20140103 2 2-2 2 3 3-3-1 17   7  6  7  7 15 12 12  4  9
20140104 1-1-1 2 2+2 2 1+12   3  3  4  7  9  7  7  5  6
20140105 0+1 1+1-1 1-0 0+ 5+  2  4  5  3  4  3  0  2  3
20140106 0 0+1 0+1-1-1+1+ 6-  0  2  4  2  3  3  5  5  3
20140107 0+2-0 1-1-3+2+3-12-  2  6  0  3  3 18  9 12  7
20140108 3 3+1 1 1-1-1 1+12  15 18  4  4  3  3  4  5  7
20140109 3 3-1+2-1 1 3-2-15  15 12  5  6  4  4 12  6  8
20140110 2 2-1-1-1 2-1-0+ 9-  7  6  3  3  4  6  3  2  4
20140111 0 0 0 0+1-1-2+2- 6-  0  0  0  2  3  3  9  6  3
20140112 1 1-1 1 1+1 3-3+12   4  3  4  4  5  4 12 18  7
20140113 2 3 2 1 1 1-0 1 11-  7 15  7  4  4  3  0  4  6
20140114 3+3-2-1 3+2+1+3-18+ 18 12  6  4 18  9  5 12 10
20140115 2-1-1 1-0+1 0+0+ 6   6  3  4  3  2  4  2  2  3
20140116 0 0 1 1-0+0+0 0+ 3-  0  0  4  3  2  2  0  2  2
20140117 0 0 0+0 1 1-0+2- 4   0  0  2  0  4  3  2  6  2
20140118 1-0 0 0 0+0 1 0  2   3  0  0  0  2  0  4  0  1
20140119 0 0 0 0 0+0+0 0  1-  0  0  0  0  2  2  0  0  0
20140120 0 0 1-0+0+1-1-0+ 3   0  0  3  2  2  3  3  2  2
20140121 3-1 2-2-2+3-2 2-16- 12  4  6  6  9 12  7  6  8
20140122 2 2 3-3+2+2-2-3-18+  7  7 12 18  9  6  6 12 10
20140123 2+2-2 1+1-1+2 2-13   9  6  7  5  3  5  7  6  6
20140124 3 2-0 0+1-0+0 0+ 6+ 15  6  0  2  3  2  0  2  4
20140125 2+2-1 0+1 2-2-3 13-  9  6  4  2  4  6  6 15  6
20140126 3-3-2-1 0 2-1+1+12+ 12 12  6  4  0  6  5  5  6
20140127 1-1-0+0+1-1 1-2- 6   3  3  2  2  3  4  3  6  3
20140128 0 0 1-1-1-2-2 2+ 8   0  0  3  3  3  6  7  9  4
20140129 2 2 2 2-1 2 1+1+13+  7  7  7  6  4  7  5  5  6
20140130 2 2+1-0+0 0 0+0  6-  7  9  3  2  0  0  2  0  3
20140131 0 0 0 1-0+0 0 0+ 1+  0  0  0  3  2  0  0  2  1
20140201 0 0 0+0+1-1 1+3- 6+  0  0  2  2  3  4  5 12  4
20140202 1-2 1 0 1-0+1-1- 6   3  7  4  0  3  2  3  3  3
20140203 2 2+2-1+1+1+1-1+12   7  9  6  5  5  5  3  5  6
20140204 2-1+1-1-1-1-1-1  7+  6  5  3  3  3  3  3  4  4
20140205 1-1-0+0 2 1-1 1+ 7-  3  3  2  0  7  3  4  5  3
20140206 2 3 2-2 2+2 1 1+15+  7 15  6  7  9  7  4  5  8
20140207 0+0 1 1 1+2+3-4 13-  2  0  4  4  5  9 12 27  8
20140208 5-5-4 2 2+2 4-4+28- 39 39 27  7  9  7 22 32 23
20140209 4-3 3 1-3 3-4 3+23+ 22 15 15  3 15 12 27 18 16
20140210 3 2+1+2 1-1+4-3+18- 15  9  5  7  3  5 22 18 10
20140211 2 2-2-0+0+0 1+3-10   7  6  6  2  2  0  5 12  5
20140212 3 3 1+1 1+2-1 1 13+ 15 15  5  4  5  6  4  4  7
20140213 0 0 0+1-0 0 0 0  1   0  0  2  3  0  0  0  0  1
20140214 0 0+1-1 2-1-0 0+ 5-  0  2  3  4  6  3  0  2  2
20140215 0+0 0 0 3 3-3-4+13   2  0  0  0 15 12 12 32  9
20140216 5 3 2+2 3+3+4-3 26- 48 15  9  7 18 18 22 15 19
20140217 2-0+0+1-0+1-2-2+ 8   6  2  2  3  2  3  6  9  4
20140218 1 0 2-1+1 2+3-2+12+  4  0  6  5  4  9 12  9  6
20140219 4+6 6+5 6-2+2 2+34  32 80 94 48 67  9  7  9 43
20140220 1+6 6 5 5-4-2 3 32-  5 80 80 48 39 22  7 15 37
20140221 3 2 2 2+3-2+2-3 19  15  7  7  9 12  9  6 15 10
20140222 4+3+2+2+2 3-2-2-20+ 32 18  9  9  7 12  6  6 12
20140223 2 2 3+3-3+4 4+4-25+  7  7 18 12 18 27 32 22 18
20140224 1 1 1+2 2 2-2-0+11   4  4  5  7  7  6  6  2  5
20140225 1-0 0 1-1 1-0+2  5+  3  0  0  3  4  3  2  7  3
20140226 2-0 0+0+0 0+0+1- 4-  6  0  2  2  0  2  2  3  2
20140227 1-1 0+1-3-4 5+5+20   3  4  2  3 12 27 56 56 20
20140228 4 3-3+3-1+2 1+1-18  27 12 18 12  5  7  5  3 11
20140301 2-1 2-2-1+1-2-3-12+  6  4  6  6  5  3  6 12  6
20140302 3+1+0+0+0+0+0 0+ 6+ 18  5  2  2  2  2  0  2  4
20140303 2+2-2 1 2 1-0+1+11+  9  6  7  4  7  3  2  5  5
20140304 2 1 0+2 2+2 1 2+13   7  4  2  7  9  7  4  9  6
20140305 1+1-1+2-2 2 2 2 13   5  3  5  6  7  7  7  7  6
20140306 1-0 1-1 2 2-3-1+10   3  0  3  4  7  6 12  5  5
20140307 0+0 0+0 1 1-1-1- 4-  2  0  2  0  4  3  3  3  2
20140308 1-0+1-1-1-1-0 1- 4+  3  2  3  3  3  3  0  3  2
20140309 1-0 0+0+0 0+1-1- 3   3  0  2  2  0  2  3  3  2
20140310 0+0+1-2 1 1-1 1- 7-  2  2  3  7  4  3  4  3  4
20140311 0 0+1-1-1-1 1-1- 5-  0  2  3  3  3  4  3  3  3
20140312 2-1-0+1-1-1+1+3- 9+  6  3  2  3  3  5  5 12  5
20140313 4 4-3 2-2 1 1+1-17+ 27 22 15  6  7  4  5  3 11
20140314 1 2 2 1 2-2-1-1-11-  4  7  7  4  6  6  3  3  5
20140315 2 1-1-0+0 0+1+1  6+  7  3  3  2  0  2  5  4  3
20140316 0 0+1-0+0 0+0 0  2-  0  2  3  2  0  2  0  0  1
20140317 0 0 0+0+0+0+0+1+ 3   0  0  2  2  2  2  2  5  2
20140318 1-2-2-1 2-2-2-1-11-  3  6  6  4  6  6  6  3  5
20140319 2-1-2-1-1-1-0+1- 7   6  3  6  3  3  3  2  3  4
20140320 1-2-2-2+1 1-1 1 10   3  6  6  9  4  3  4  4  5
20140321 2+2+2+2+2+3 1+1+17+  9  9  9  9  9 15  5  5  9
20140322 2-0+1-1+2 1 1-1  9-  6  2  3  5  7  4  3  4  4
20140323 1 2-2-1 2-1+2 2-12   4  6  6  4  6  5  7  6  6
20140324 2-0 1-1 1 1+1-0  6+  6  0  3  4  4  5  3  0  3
20140325 0+0+0+2-2-1+3 3+12   2  2  2  6  6  5 15 18  7
20140326 4-1+4-1+1-1-2-1 14  22  5 22  5  3  3  6  4  9
20140327 1 1 1+2-2 2-2-0+11-  4  4  5  6  7  6  6  2  5
20140328 1-1-1+1+2 1+2+3 13-  3  3  5  5  7  5  9 15  6
20140329 3 2+1-1+1-1 1 3-13- 15  9  3  5  3  4  4 12  7
20140330 2 1-1 1 1-1 1 1- 8   7  3  4  4  3  4  4  3  4
20140331 0 1-1 1+2+3-2+0+11-  0  3  4  5  9 12  9  2  6
20140401 0+0+1-0+2 2+1 2+ 9+  2  2  3  2  7  9  4  9  5
20140402 0+0 0 1-1+1+1+1+ 6+  2  0  0  3  5  5  5  5  3
20140403 1-2-1 2-2 1+1+1+11   3  6  4  6  7  5  5  5  5
20140404 0+1 1+1+2-2+1+0+10-  2  4  5  5  6  9  5  2  5
20140405 1 1-1+4-4-3 2+3 19-  4  3  5 22 22 15  9 15 12
20140406 2 0 0 0+0+1-0 1  4+  7  0  0  2  2  3  0  4  2
20140407 3-2-2 1-3 4 2-2-17+ 12  6  7  3 15 27  6  6 10
20140408 2 1-0 1 2 1 1-0  7+  7  3  0  4  7  4  3  0  4
20140409 0 0+1+1+2-1+1+1- 8   0  2  5  5  6  5  5  3  4
20140410 0 0 0+0+1-0+1-0+ 3-  0  0  2  2  3  2  3  2  2
20140411 0 1 2 1 1 2 2-4-12+  0  4  7  4  4  7  6 22  7
20140412 5-4+4+3-3 2-3-2+26- 39 32 32 12 15  6 12  9 20
20140413 4-4 3+3 2-2 3 2+23  22 27 18 15  6  7 15  9 15
20140414 2-2-3 1 0 1 2+2-12+  6  6 15  4  0  4  9  6  6
20140415 1+2+1+1-1-1-1+1  9+  5  9  5  3  3  3  5  4  5
20140416 0 0 1-1 1+0+1-2  6   0  0  3  4  5  2  3  7  3
20140417 3 3-2-1+3-4-2+1 18+ 15 12  6  5 12 22  9  4 11
20140418 2-2-1-1+2 1+2-3-13   6  6  3  5  7  5  6 12  6
20140419 4-3+2+3-3-3 3 1+22  22 18  9 12 12 15 15  5 14
20140420 3 2 1 4-5 4 4+4-27- 15  7  4 22 48 27 32 22 22
20140421 4 4 3+4-3-4 2-1 24+ 27 27 18 22 12 27  6  4 18
20140422 1 2-1-1-0+1+0+1- 7-  4  6  3  3  2  5  2  3  4
20140423 1-1 1 2-1+2-2 2 11+  3  4  4  6  5  6  7  7  5
20140424 3+2-3-2 2+3-3-3-20  18  6 12  7  9 12 12 12 11
20140425 3+3-1-1+2 2 2 1+15+ 18 12  3  5  7  7  7  5  8
20140426 1-2+1+1-1 1 1 2-10-  3  9  5  3  4  4  4  6  5
20140427 1 0+0 0 1 1-1-2- 5+  4  2  0  0  4  3  3  6  3
20140428 1+2+1+1+1-1-0+1+ 9+  5  9  5  5  3  3  2  5  5
20140429 1-0+0 0+1-0+1-3+ 6+  3  2  0  2  3  2  3 18  4
20140430 3-3+3+3-4 3 3+1 23+ 12 18 18 12 27 15 18  4 16
20140501 2 2+1+1-1-1-1 0+ 9   7  9  5  3  3  3  4  2  4
20140502 1-2-0+0+0+0 0 0  3+  3  6  2  2  2  0  0  0  2
20140503 0 0+0 0+0 2 3-3  8+  0  2  0  2  0  7 12 15  5
20140504 3-4+4-2 3 2+1+1+21- 12 32 22  7 15  9  5  5 13
20140505 1 3 2+2 2+2+2+2-17   4 15  9  7  9  9  9  6  8
20140506 0+1-1-1-0+0+0 0  3   2  3  3  3  2  2  0  0  2
20140507 0 0 0 1-1 0+1-2  5-  0  0  0  3  4  2  3  7  2
20140508 2+3+3+5-3-4-3 4 27   9 18 18 39 12 22 15 27 20
20140509 3 2-3 2 0+0+0+1-11+ 15  6 15  7  2  2  2  3  6
20140510 2-3 1+1 1-1-3-3-14-  6 15  5  4  3  3 12 12  8
20140511 4-3 2-3-1+2-2 2+18+ 22 15  6 12  5  6  7  9 10
20140512 2-2 2 2+2 1+2-1+14+  6  7  7  9  7  5  6  5  6
20140513 0+1-1 1 1-0+1-1- 5+  2  3  4  4  3  2  3  3  3
20140514 1+1 0+0+2 2-1-1+ 9-  5  4  2  2  7  6  3  5  4
20140515 1-1 1-1 1-1+2-1  8   3  4  3  4  3  5  6  4  4
20140516 1+1+0+0+2-2 2-0  9-  5  5  2  2  6  7  6  0  4
20140517 1+1-0+1-0+0+0+0+ 4+  5  3  2  3  2  2  2  2  3
20140518 1 1+1-1-1+2-1-1  8+  4  5  3  3  5  6  3  4  4
20140519 0+1 1-0+1 1+1-2- 7   2  4  3  2  4  5  3  6  4
20140520 0+1 1 1+1+1 0+0  6+  2  4  4  5  5  4  2  0  3
20140521 0+0 0 0+0+0+0+0+ 2   2  0  0  2  2  2  2  2  2
20140522 1 1 1-1-2 3+2+3+14+  4  4  3  3  7 18  9 18  8
20140523 3 2-1+0+1 4-4 5+20+ 15  6  5  2  4 22 27 56 17
20140524 2-1+2-0+1+1 1-1  9   6  5  6  2  5  4  3  4  4
20140525 1+1+1-0+0+1+0+0  6-  5  5  3  2  2  5  2  0  3
20140526 1 1-1 1-0+0+0+0+ 5-  4  3  4  3  2  2  2  2  3
20140527 0 0 0+1-1 1 2-1  6-  0  0  2  3  4  4  6  4  3
20140528 1+1+0+1-1-1 1-1  7   5  5  2  3  3  4  3  4  4
20140529 0+1-1-3-2 2 2 1 11+  2  3  3 12  7  7  7  4  6
20140530 0 1+1+2+2+3-4+1+16-  0  5  5  9  9 12 32  5 10
20140531 1 1 0+0+0+0+1-0  4   4  4  2  2  2  2  3  0  2
20140601 1-0 1-1 0+1-0+1- 4+  3  0  3  4  2  3  2  3  2
20140602 0+1-0+0+0+1-1+2+ 6+  2  3  2  2  2  3  5  9  4
20140603 3+2 1-1 1-1+1+1-11  18  7  3  4  3  5  5  3  6
20140604 1+1+1+1 1 1+1 2 10+  5  5  5  4  4  5  4  7  5
20140605 2-1 1+2+1+1 2+3-14-  6  4  5  9  5  4  9 12  7
20140606 2 1+0+0 0+2-2-2- 9   7  5  2  0  2  6  6  6  4
20140607 1+1+2 1+2-4 4-4 19+  5  5  7  5  6 27 22 27 13
20140608 3 6-6+5 5-4 3-2-33  15 67 94 48 39 27 12  6 38
20140609 0+1-2 2-1-1-2+1- 9   2  3  7  6  3  3  9  3  4
20140610 1-1 1+2 2+2 2 2 13+  3  4  5  7  9  7  7  7  6
20140611 2-2-1 2+2 2 1+1 13   6  6  4  9  7  7  5  4  6
20140612 1-1+0+0+0+1-1-1- 5   3  5  2  2  2  3  3  3  3
20140613 1 0+1-1-2-1+1+1+ 8+  4  2  3  3  6  5  5  5  4
20140614 2 2 3-1+1 1+2 1 13+  7  7 12  5  4  5  7  4  6
20140615 1 0+1 1 1 1-0+1- 6   4  2  4  4  4  3  2  3  3
20140616 1-1+1 1-2 2-1 1  9+  3  5  4  3  7  6  4  4  4
20140617 2 1+2+1 1+1 2+3+15-  7  5  9  4  5  4  9 18  8
20140618 3 2 2+2 2-3+4 5-23  15  7  9  7  6 18 27 39 16
20140619 3-3 3-1+1+2-2 2 17- 12 15 12  5  5  6  7  7  9
20140620 1+1 2+2 3-3 1+2 16-  5  4  9  7 12 15  5  7  8
20140621 2-2 2 2-1-1-0 1- 9+  6  7  7  6  3  3  0  3  4
20140622 0+1 1-0+1-1-1 1+ 6   2  4  3  2  3  3  4  5  3
20140623 0+0+0+0+0+0+0+3  5+  2  2  2  2  2  2  2 15  4
20140624 2+3-2-1-0+1-2-1-11-  9 12  6  3  2  3  6  3  6
20140625 1-1-1+1 1 2-1 2  9+  3  3  5  4  4  6  4  7  4
20140626 0+0+1-1+2+1 1-0  7-  2  2  3  5  9  4  3  0  4
20140627 1 0+0 0+1-1-1+1- 5   4  2  0  2  3  3  5  3  3
20140628 1 1+1-1 3-2+1 1-11-  4  5  3  4 12  9  4  3  6
20140629 3-1+1 1-1-0+2-3 11+ 12  5  4  3  3  2  6 15  6
20140630 3 1 1-0+1-1+1 1- 9- 15  4  3  2  3  5  4  3  5
20140701 1-1+1-0+0+1-0+0+ 5-  3  5  3  2  2  3  2  2  3
20140702 0 1 1+1 1 2-1-1- 7+  0  4  5  4  4  6  3  3  4
20140703 2 2 2 2 2-1-0+0+11   7  7  7  7  6  3  2  2  5
20140704 1+1 1+1+2-0+0+1- 8   5  4  5  5  6  2  2  3  4
20140705 0 0 0+0+0+1-2 1+ 5   0  0  2  2  2  3  7  5  3
20140706 1-0+0+1+1-1-1-1+ 6   3  2  2  5  3  3  3  5  3
20140707 2 1-1-1+2 2 2-1-11   7  3  3  5  7  7  6  3  5
20140708 1+1 1 1 2+2-2-2-12-  5  4  4  4  9  6  6  6  6
20140709 2-1+2-1 1 2-3-3-14-  6  5  6  4  4  6 12 12  7
20140710 3 2+2-1 1+2-1+1+14- 15  9  6  4  5  6  5  5  7
20140711 1 1-1+1+1+2-2 1+11-  4  3  5  5  5  6  7  5  5
20140712 1+2 2 2-2+1 0+0 11-  5  7  7  6  9  4  2  0  5
20140713 1+1+1-2-1-1-1-2  9   5  5  3  6  3  3  3  7  4
20140714 1-0+1 1+3+3 3-2+15-  3  2  4  5 18 15 12  9  8
20140715 2-2-2 2+2+1+1 1+14-  6  6  7  9  9  5  4  5  6
20140716 1-1 1+0+1+1 1+1- 8-  3  4  5  2  5  4  5  3  4
20140717 0+1 1 0+1-1-2-1  7-  2  4  4  2  3  3  6  4  4
20140718 1-1-1-1-0+0 0 0+ 3+  3  3  3  3  2  0  0  2  2
20140719 0 0+0+1 0+0 0 0  2   0  2  2  4  2  0  0  0  1
20140720 1-0+0+0 1+1-0 1- 4   3  2  2  0  5  3  0  3  2
20140721 0+0 0 0+1+1+2-2- 7-  2  0  0  2  5  5  6  6  3
20140722 2+1-1-1-1+1 0+2- 9-  9  3  3  3  5  4  2  6  4
20140723 0+0+0+0+0+1 3-2+ 8-  2  2  2  2  2  4 12  9  4
20140724 1-1 1+2 2 1 1 1-10-  3  4  5  7  7  4  4  3  5
20140725 3-1+2 1+1 1-1-0+10  12  5  7  5  4  3  3  2  5
20140726 1+2-2-2-2-2 2 1-13-  5  6  6  6  6  7  7  3  6
20140727 2-1+1+1 1-1-1 1  9-  6  5  5  4  3  3  4  4  4
20140728 2-2+3 2-2 3 2 1+17   6  9 15  6  7 15  7  5  9
20140729 1-1+0+0+1-1 1 0+ 6-  3  5  2  2  3  4  4  2  3
20140730 2+1 0+0+1-1-0+0+ 6   9  4  2  2  3  3  2  2  3
20140731 1 1 1 1 1 1+2-2 10   4  4  4  4  4  5  6  7  5
20140801 2 1+1-2-2 2-3 3+16-  7  5  3  6  7  6 15 18  8
20140802 2+1+2-2+3+3 1+2-17   9  5  6  9 18 15  5  6  9
20140803 1-3 1-1+0+1 2 2 11   3 15  3  5  2  4  7  7  6
20140804 2+3 3-2 2-2-3 3+20-  9 15 12  7  6  6 15 18 11
20140805 2+2 3-2-3-2 3-2-18-  9  7 12  6 12  7 12  6  9
20140806 2 3-2-2-1+1+1 1-12+  7 12  6  6  5  5  4  3  6
20140807 1+1 1 1 1+1 2-1+10-  5  4  4  4  5  4  6  5  5
20140808 3 3+2-2 2-1-1-0+13+ 15 18  6  7  6  3  3  2  8
20140809 0+1-1+1-1-0+1-0+ 5   2  3  5  3  3  2  3  2  3
20140810 1-0+1 1+2 2 4-2 13   3  2  4  5  7  7 22  7  7
20140811 1 1 1 1-1+2 1+3+12-  4  4  4  3  5  7  5 18  6
20140812 3-1+1 1 1+3-4+4-18  12  5  4  4  5 12 32 22 12
20140813 2 2 1+1+2-1-1+1 11+  7  7  5  5  6  3  5  4  5
20140814 1-1-0+1-1-1 1-2  7-  3  3  2  3  3  4  3  7  4
20140815 1 1-0+1-1+1+1-1+ 7+  4  3  2  3  5  5  3  5  4
20140816 0+0+0 0+0 0 0+1- 2   2  2  0  2  0  0  2  3  1
20140817 1+1-0+2 3-2 1-1 11-  5  3  2  7 12  7  3  4  5
20140818 1-1+2 0 1-1+1+1  8+  3  5  7  0  3  5  5  4  4
20140819 1-1-2 3-2-3-4-5+19+  3  3  7 12  6 12 22 56 15
20140820 2+1-1+1+1+1 2-2-11+  9  3  5  5  5  4  6  6  5
20140821 3 3 2-2 2 1+3-2-17+ 15 15  6  7  7  5 12  6  9
20140822 1 2 0+0 1-0+0 1- 5   4  7  2  0  3  2  0  3  3
20140823 1-2 1 1-0+1+1 1- 8-  3  7  4  3  2  5  4  3  4
20140824 1-0+1-1-1+0 0 0  4-  3  2  3  3  5  0  0  0  2
20140825 0 0+0 1-1-1-1-1- 4-  0  2  0  3  3  3  3  3  2
20140826 0+0+0 1+1-1 1 1  6-  2  2  0  5  3  4  4  4  3
20140827 1-2+3+4-4-4+4 3+25+  3  9 18 22 22 32 27 18 19
20140828 3+5-4 3 2+4-3-2+26  18 39 27 15  9 22 12  9 19
20140829 3+4-3 4 3-2+3 4-26- 18 22 15 27 12  9 15 22 18
20140830 4-4-2-3+3+2-3-2-22- 22 22  6 18 18  6 12  6 14
20140831 2 2-2+4-3-2-4 4-22-  7  6  9 22 12  6 27 22 14
20140901 3 2+2+2+3-2 2 3-19+ 15  9  9  9 12  7  7 12 10
20140902 2 2+2 2-3-2 2 3 18-  7  9  7  6 12  7  7 15  9
20140903 3-3+3-2-1+1+1+2 16+ 12 18 12  6  5  5  5  7  9
20140904 3-2 1+2 2-1-1-1+12+ 12  7  5  7  6  3  3  5  6
20140905 1+1+2-2-2-2 2-3-14   5  5  6  6  6  7  6 12  7
20140906 1 2+3-1+2-3+2+3-17+  4  9 12  5  6 18  9 12  9
20140907 3 3 2+1-1-1-1-0+11+ 15 15  9  3  3  3  3  2  7
20140908 0 1+2-1-1 1+2-2 10-  0  5  6  3  4  5  6  7  4
20140909 2 2-1+2-2-2-2+2+15-  7  6  5  6  6  6  9  9  7
20140910 2+0 1-1 1-2 2+3 12   9  0  3  4  3  7  9 15  6
20140911 3-4-2+2+2-1 1+3+18+ 12 22  9  9  6  4  5 18 11
20140912 5+4+2 3 2-5 5-6+32+ 56 32  7 15  6 48 39 94 37
20140913 4-3-4 1+2 2 2+1+19+ 22 12 27  5  7  7  9  5 12
20140914 0+0+1-0+1-1-0 0  3   2  2  3  2  3  3  0  0  2
20140915 0 0+1 0+1-0+0+1- 4-  0  2  4  2  3  2  2  3  2
20140916 2-2+2 1+1 1+2 3-14+  6  9  7  5  4  5  7 12  7
20140917 2 1-0 0+1-2-2 2  9+  7  3  0  2  3  6  7  7  4
20140918 2 1 1-1-1 1+3-3-12   7  4  3  3  4  5 12 12  6
20140919 4-5-3+3+3+4-3 2+27+ 22 39 18 18 18 22 15  9 20
20140920 2 2 1 1+2+1 0+1 11   7  7  4  5  9  4  2  4  5
20140921 1+3 1+1 1 1 2-1 11+  5 15  5  4  4  4  6  4  6
20140922 1 2+2 2-3-2 2 2-15+  4  9  7  6 12  7  7  6  7
20140923 3-2 2 2 3-3 3-2+19+ 12  7  7  7 12 15 12  9 10
20140924 4-4-3-4 4-3+3 4 28  22 22 12 27 22 18 15 27 21
20140925 4-2+2+3-2 2-2+3 20  22  9  9 12  7  6  9 15 11
20140926 3 3+3-3-4 3+2 3 24  15 18 12 12 27 18  7 15 16
20140927 4+4 3+2+2+2+2 1 22- 32 27 18  9  9  9  7  4 14
20140928 2-1+1+2+2+2 2+1 14+  6  5  5  9  9  7  9  4  7
20140929 2 2-1+2+2 1+4-3-17   7  6  5  9  7  5 22 12  9
20140930 3-4 2+3+2+2 2+2+21+ 12 27  9 18  9  7  9  9 12
20141001 4 2+3-2+2-2+2-2 19  27  9 12  9  6  9  6  7 11
20141002 2 2+2-1+2-2 1+2+15-  7  9  6  5  6  7  5  9  7
20141003 2+0+1 0+0+1 1-0+ 6+  9  2  4  2  2  4  3  2  4
20141004 1+2-2 1 1-0+1 2-10-  5  6  7  4  3  2  4  6  5
20141005 2-2-1+1-2-2-1+1 11   6  6  5  3  6  6  5  4  5
20141006 3-2 0+1-1-0+1 3-10+ 12  7  2  3  3  2  4 12  6
20141007 2 3 0+0+1-1-0+1  8+  7 15  2  2  3  3  2  4  5
20141008 1 1+1+3 2 2-2 3-15   4  5  5 15  7  6  7 12  8
20141009 3+4 4-2+2 2-2 2 21  18 27 22  9  7  6  7  7 13
20141010 3-3+1+0+1-1 1+2-12+ 12 18  5  2  3  4  5  6  7
20141011 2-3-3-2+3 1+1-0+15-  6 12 12  9 15  5  3  2  8
20141012 0 0 0+1 1+1-1+1- 5+  0  0  2  4  5  3  5  3  3
20141013 1 0+1+0 1 2 3-3-11   4  2  5  0  4  7 12 12  6
20141014 1-1 1-2-3+4+4+5 21   3  4  3  6 18 32 32 48 18
20141015 4 3 2 1+2-1 0+1-14  27 15  7  5  6  4  2  3  9
20141016 2-1 1-2-2-2-2-3 13   6  4  3  6  6  6  6 15  6
20141017 1+3-1-2-1+1 1+3 13   5 12  3  6  5  4  5 15  7
20141018 3+3 2+2+3 4 2+3 23+ 18 15  9  9 15 27  9 15 15
20141019 3 3+2+2 2-1-2+1+17- 15 18  9  7  6  3  9  5  9
20141020 3 3 4 4-3+5 4 4-30- 15 15 27 22 18 48 27 22 24
20141021 3 2+3 3 3+3 4-2+24- 15  9 15 15 18 15 22  9 15
20141022 4-3 3-2+3-4-2+2-22  22 15 12  9 12 22  9  6 13
20141023 1+2 2 2 2+2-3+2 17-  5  7  7  7  9  6 18  7  8
20141024 3 1-2-2 2 4-2 2-17- 15  3  6  7  7 22  7  6  9
20141025 3 2+2-2-2 3 2 1 17- 15  9  6  6  7 15  7  4  9
20141026 3 3-3 3 2+2 2 1 19  15 12 15 15  9  7  7  4 10
20141027 3-2+2 3-2 3-2 4 20+ 12  9  7 12  7 12  7 27 12
20141028 4-3-2+3 3-3-2+1 20+ 22 12  9 15 12 12  9  4 12
20141029 3+2+2 2-1 2 2-0 14  18  9  7  6  4  7  6  0  7
20141030 0+1-1-1+1-1 1+2  8   2  3  3  5  3  4  5  7  4
20141031 1-2 1+1+2 1-2+1+12-  3  7  5  5  7  3  9  5  6
20141101 1-1 3-2+3-2 1 0+13-  3  4 12  9 12  7  4  2  7
20141102 2 1 0+1 3 3+2+1-14-  7  4  2  4 15 18  9  3  8
20141103 2 2-1 1+1-0+0+1+ 9-  7  6  4  5  3  2  2  5  4
20141104 1+1 2+4-4 3+5-5-25   5  4  9 22 27 18 39 39 20
20141105 3+3+3 4-2+2-2 3-22  18 18 15 22  9  6  7 12 13
20141106 1+2 2 2-2+1 1 3 14+  5  7  7  6  9  4  4 15  7
20141107 3 3 2-3-2 2+2+3+20+ 15 15  6 12  7  9  9 18 11
20141108 2-1 2 2 2+2 1 3 15   6  4  7  7  9  7  4 15  7
20141109 3-2+2-1 2-2+3-3-17  12  9  6  4  6  9 12 12  9
20141110 4 3 3-4+4-4+3 2+27+ 27 15 12 32 22 32 15  9 20
20141111 2+2+2-2+2 1+2-5-18+  9  9  6  9  7  5  6 39 11
20141112 4-2+2 1 1-1 1 2 14- 22  9  7  4  3  4  4  7  8
20141113 1+2-1-2-1 1-1-1- 8+  5  6  3  6  4  3  3  3  4
20141114 3 3 3-1 2+2 3+3 20+ 15 15 12  4  9  7 18 15 12
20141115 3-3+3 3+3 1 3-4+23+ 12 18 15 18 15  4 12 32 16
20141116 4-4 4-3+3+4-3-3 27+ 22 27 22 18 18 22 12 15 20
20141117 2 1+1 2 3+3-3+2 18-  7  5  4  7 18 12 18  7 10
20141118 3-3-2+2 3 3-1 1+18- 12 12  9  7 15 12  4  5 10
20141119 3+0+1+2 2 1+3-1 14  18  2  5  7  7  5 12  4  8
20141120 3 2 2 3-1+2+3+2-18+ 15  7  7 12  5  9 18  6 10
20141121 4-3+2-3-2+2+3 2+21+ 22 18  6 12  9  9 15  9 12
20141122 3-2+2-2-1+1 2+3+16+ 12  9  6  6  5  4  9 18  9
20141123 2-2 2 2+3-2+3-1 17-  6  7  7  9 12  9 12  4  8
20141124 2+1+1 1+2-2+2 1 13   9  5  4  5  6  9  7  4  6
20141125 1 1 0+1+1+2 2-1 10-  4  4  2  5  5  7  6  4  5
20141126 1 1 1 1 2 0 0 1  7   4  4  4  4  7  0  0  4  3
20141127 1+3-2-1 2 2 2 2 15-  5 12  6  4  7  7  7  7  7
20141128 0+0 0 0+2+2-1 1  7-  2  0  0  2  9  6  4  4  3
20141129 1-1-1+1-1 1+1+1  8   3  3  5  3  4  5  5  4  4
20141130 1 2 2 1+1 3-3-3-15+  4  7  7  5  4 12 12 12  8
20141201 2-2+2 1+1+2+2+4-17   6  9  7  5  5  9  9 22  9
20141202 3 3 3-1+3-2+3 1+19+ 15 15 12  5 12  9 15  5 11
20141203 3-2-1-1+1+2-3-2 14  12  6  3  5  5  6 12  7  7
20141204 2+2-1-1-2 3-2 4-16-  9  6  3  3  7 12  7 22  9
20141205 3-3 2 2+3+2+1 2 19- 12 15  7  9 18  9  4  7 10
20141206 2 2 2+2+2-2 4-4-20-  7  7  9  9  6  7 22 22 11
20141207 5-2+3-3+5-4+4 4 30  39  9 12 18 39 32 27 27 25
20141208 3+3-2+2+3 4 3-3-23  18 12  9  9 15 27 12 12 14
20141209 4 2+2+2+3 2+4-3 23  27  9  9  9 15  9 22 15 14
20141210 3+2+2+2+1 1-1+1+15- 18  9  9  9  4  3  5  5  8
20141211 1+0+1-0 1-1 2-2+ 8   5  2  3  0  3  4  6  9  4
20141212 3 3-3+3 4+3 4-3+26+ 15 12 18 15 32 15 22 18 18
20141213 2-2+1+1 3-2 2+3-16   6  9  5  4 12  7  9 12  8
20141214 2 3 2-2 2+3-3+2-19-  7 15  6  7  9 12 18  6 10
20141215 2-3-3 3+3+3-3-3+23-  6 12 15 18 18 12 12 18 14
20141216 1 1+1 1+3-2 2-2+13+  4  5  4  5 12  7  6  9  6
20141217 3-2+1+1 1-1+1+1-11+ 12  9  5  4  3  5  5  3  6
20141218 1 1+1-1-1+2+1+2 11-  4  5  3  3  5  9  5  7  5
20141219 3-2-2+1+1 2+2 2 15+ 12  6  9  5  4  9  7  7  7
20141220 3-2+2-1+2-2-1-2+14+ 12  9  6  5  6  6  3  9  7
20141221 3-3-2+2 3-2 3+4-21+ 12 12  9  7 12  7 18 22 12
20141222 5 5+3+2 1 3-1 1+22- 48 56 18  7  4 12  4  5 19
20141223 1-0 1-4 2 2 3 4 16+  3  0  3 27  7  7 15 27 11
20141224 4 2+2 2 4-3 3+3+24- 27  9  7  7 22 15 18 18 15
20141225 2-2-1+1-3 3-3+4-18   6  6  5  3 15 12 18 22 11
20141226 4 4 2+2 2-2 5-3-23+ 27 27  9  7  6  7 39 12 17
20141227 3+2 1+2-2-1 0+0+12- 18  7  5  6  6  4  2  2  6
20141228 2+2 1+1+1+2-4-2+16   9  7  5  5  5  6 22  9  8
20141229 2 3 2+3+4-5-3+5-27   7 15  9 18 22 39 18 39 21
20141230 3 4 4-2 3 3-3-2+23+ 15 27 22  7 15 12 12  9 15
20141231 1+2+1+2-2 3+1+2-15   5  9  5  6  7 18  5  6  8
