YYYYMMDD Kp[8]           Sum ap[8]                   Ap
20010101 0 0+1 1 0+0+1-1- 4+  0  2  4  4  2  2  3  3  2
20010102 1+0+0 0 1-0+1 3- 6+  5  2  0  0  3  2  4 12  4
20010103 2+4-2+2+2+1-1-1 15+  9 22  9  9  9  3  3  4  8
20010104 2+1+3 2+3 3 2+2+20-  9  5 15  9 15 15  9  9 11
20010105 2-1-1-0+1-0+1+3  9-  6  3  3  2  3  2  5 15  5
20010106 2 1 1 1-1 1 0+1  8   7  4  4  3  4  4  2  4  4
20010107 2 2-1+1-0+1 1 2 10   7  6  5  3  2  4  4  7  5
20010108 2 2 1 2-1 2 4 4-17+  7  7  4  6  4  7 27 22 10
20010109 2 1-1 2-2-1 1+1+11-  7  3  4  6  6  4  5  5  5
20010110 0+0+0+0+1 3 2 2+10-  2  2  2  2  4 15  7  9  5
20010111 2-0+1-1 2-3-3-3-13+  6  2  3  4  6 12 12 12  7
20010112 3+3 3-2-1 0+0 0+12+ 18 15 12  6  4  2  0  2  7
20010113 1 1 2-2+3-1+1-1+12   4  4  6  9 12  5  3  5  6
20010114 2+3-2+2-1 1 2+2 15+  9 12  9  6  4  4  9  7  8
20010115 1-0 1+2 2+1+2-3 12+  3  0  5  7  9  5  6 15  6
20010116 1 0+1+1+3 2-1 1 11-  4  2  5  5 15  6  4  4  6
20010117 3 2-1-0+1+2+2 1+13- 15  6  3  2  5  9  7  5  6
20010118 0 0 1+2 1+1-1 2  8+  0  0  5  7  5  3  4  7  4
20010119 2-1+0+0 1 1 1+2  9-  6  5  2  0  4  4  5  7  4
20010120 1-1-3-2+2+2+3-3+17   3  3 12  9  9  9 12 18  9
20010121 2+3-3-4 3+4-4-4 26+  9 12 12 27 18 22 22 27 19
20010122 4-3+2+2+2+3-2 3-21+ 22 18  9  9  9 12  7 12 12
20010123 2 2-0+4 3 3+5-4 23   7  6  2 27 15 18 39 27 18
20010124 3-3 1 3+4 4 5-3 26- 12 15  4 18 27 27 39 15 20
20010125 2-1+1-1-0+2-3-2 11   6  5  3  3  2  6 12  7  6
20010126 2 2+4-3-2 2 2+3-20-  7  9 22 12  7  7  9 12 11
20010127 2+2 1 1-1-1-1-1- 9-  9  7  4  3  3  3  3  3  4
20010128 0+1 1+2-3 2 3 3-15   2  4  5  6 15  7 15 12  8
20010129 5-5 2 1+1 1 2+3-20  39 48  7  5  4  4  9 12 16
20010130 2 2 0+0+0+1-0 0  6-  7  7  2  2  2  3  0  0  3
20010131 0+1-4 4 4-4-4 3 23+  2  3 27 27 22 22 27 15 18
20010201 2 3+3-2 1+1 2 2 16+  7 18 12  7  5  4  7  7  8
20010202 3 2 1 1 0+1 1 1+11- 15  7  4  4  2  4  4  5  6
20010203 0+0 0+0+1-0+0 0  2   2  0  2  2  3  2  0  0  1
20010204 0 0 0 0+1-0+1 0  2+  0  0  0  2  3  2  4  0  1
20010205 0 0 0 1-1-1-1+2  5+  0  0  0  3  3  3  5  7  3
20010206 3 2+4+3-1+3-3 3-22  15  9 32 12  5 12 15 12 14
20010207 2+3-2 1-1 1 2 1 13-  9 12  7  3  4  4  7  4  6
20010208 1-2 2 2 0 1+2-3-12+  3  7  7  7  0  5  6 12  6
20010209 1+0+1 1+2-1+2 2-11-  5  2  4  5  6  5  7  6  5
20010210 1+2+1+2-2 2 1 0+12   5  9  5  6  7  7  4  2  6
20010211 3-2 2+2 2-0+1 1+13+ 12  7  9  7  6  2  4  5  6
20010212 2 0+0+1-1+2 2-3-11   7  2  2  3  5  7  6 12  6
20010213 3-4+4+3 3+4-4 5-30  12 32 32 15 18 22 27 39 25
20010214 4-4-3-3+4-3+4-3 27  22 22 12 18 22 18 22 15 19
20010215 1+1 2+2+1 1+1-1-11-  5  4  9  9  4  5  3  3  5
20010216 0 0+0 1-1 1 1+2- 6   0  2  0  3  4  4  5  6  3
20010217 2-0 0 0+0 1+1 0+ 5-  6  0  0  2  0  5  4  2  2
20010218 1 0+0+0+1-1-1-1- 5-  4  2  2  2  3  3  3  3  3
20010219 1 1-1+1+2-1 1+1- 9   4  3  5  5  6  4  5  3  4
20010220 1+2-1-3-3-1+2-2-14-  5  6  3 12 12  5  6  6  7
20010221 2 2-1+2 2+1+1-2-13   7  6  5  7  9  5  3  6  6
20010222 1 1-2 2-1-1+1+2 11-  4  3  7  6  3  5  5  7  5
20010223 3 3 3-2 2+2 1+2 18+ 15 15 12  7  9  7  5  7 10
20010224 1+2 1-1-2-1 0 0  7+  5  7  3  3  6  4  0  0  4
20010225 0 0+1-1-0+0+1+1- 4+  0  2  3  3  2  2  5  3  2
20010226 2+1-1+1 1 3+3-4-16   9  3  5  4  4 18 12 22 10
20010227 4 4-3+3 2 1 1-1-18+ 27 22 18 15  7  4  3  3 12
20010228 0 0+1 3-3+3 3-2-15-  0  2  4 12 18 15 12  6  9
20010301 3 2-1+0+1-2-2-1+12- 15  6  5  2  3  6  6  5  6
20010302 1+1+2-2-2 2+3+3-16+  5  5  6  6  7  9 18 12  8
20010303 3-2+1 4-4-3-4 3-23- 12  9  4 22 22 12 27 12 15
20010304 3-3+3+3-3-3-5-4+26+ 12 18 18 12 12 12 39 32 19
20010305 5 5-4+3-2 2 1+2-24- 48 39 32 12  7  7  5  6 20
20010306 2 2 2-1+2 1+3-2-15-  7  7  6  5  7  5 12  6  7
20010307 2 3 2 2-2 3+2-1 17-  7 15  7  6  7 18  6  4  9
20010308 1-1-2-2 1 1+3-3-13-  3  3  6  7  4  5 12 12  6
20010309 3-1+2-1+2 2 1+0+13- 12  5  6  5  7  7  5  2  6
20010310 0+2 2-2-1 2-2+0+11   2  7  6  6  4  6  9  2  5
20010311 1 2 1 1-1 0+1 0+ 7+  4  7  4  3  4  2  4  2  4
20010312 0+0+1+2+3+3 3 4-17+  2  2  5  9 18 15 15 22 11
20010313 3 3-2-3+2 1+1+2 17+ 15 12  6 18  7  5  5  7  9
20010314 3 2 2+2 1+1 1+1+14+ 15  7  9  7  5  4  5  5  7
20010315 0 0+1 0+1-0+0+1- 4-  0  2  4  2  3  2  2  3  2
20010316 0 0 0 0+1-1 0+1+ 4-  0  0  0  2  3  4  2  5  2
20010317 0 0+0+0+1 2+2+2- 8+  0  2  2  2  4  9  9  6  4
20010318 3 3-2-1+1 2-1+2+15  15 12  6  5  4  6  5  9  8
20010319 2 2 2-3+4+5+7-5+31-  7  7  6 18 32 56111 56 37
20010320 5-6-6 6-7+7 4+4-44+ 39 67 80 67154132 32 22 74
20010321 4 2+2+1 1 1-1-1 13  27  9  9  4  4  3  3  4  8
20010322 1-1-1-1-3+4+3+3 17-  3  3  3  3 18 32 18 15 12
20010323 4 5 3+4 4-5-4+3 32  27 48 18 27 22 39 32 15 28
20010324 1+4-3+2 2+3-3 0+19-  5 22 18  7  9 12 15  2 11
20010325 1-2-2 3-2 1 1+1-12   3  6  7 12  7  4  5  3  6
20010326 0+1-1-1 2-1-1 1  7   2  3  3  4  6  3  4  4  4
20010327 4 3+2 3-2-3+5 6 28  27 18  7 12  6 18 48 80 27
20010328 3 2 5+6 6+6-3 4-35  15  7 56 80 94 67 15 22 44
20010329 4-4 5-4-3+4 2 3-28  22 27 39 22 18 27  7 12 22
20010330 2+2+3-2 3-3-3 3+21   9  9 12  7 12 12 15 18 12
20010331 7-9-9-6+7 8 8+7+61 111300300 94132207236154192
20010401 5 6-5+3 3+3 5-5 35  48 67 56 15 18 15 39 48 38
20010402 5-4-4-3 3 4 4-3-28+ 39 22 22 15 15 27 22 12 22
20010403 2+2-1+1 1 3-1+2 13+  9  6  5  4  4 12  5  7  6
20010404 2+2+2 2-5-5 5+2 25+  9  9  7  6 39 48 56  7 23
20010405 2-2 4+4+3 4-3+3+26-  6  7 32 32 15 22 18 18 19
20010406 2-2-3+3-3-3-3+3+21+  6  6 18 12 12 12 18 18 13
20010407 4-4+3 2 2 4-5-3-26  22 32 15  7  7 22 39 12 20
20010408 3-2 3 6-7 5 7 6+39- 12  7 15 67132 48132 94 63
20010409 3-4-4 3+3 5 3 2 27- 12 22 27 18 15 48 15  7 20
20010410 3+2-2-2 3 3 2-3-19  18  6  6  7 15 15  6 12 11
20010411 3 2+2 2 4-8 8-8+37  15  9  7  7 22207179236 85
20010412 7+6+5+5 4-3 1-1 32+154 94 56 48 22 15  3  4 50
20010413 1 2-3+7+6-5 6-5-34+  4  6 18154 67 48 67 39 50
20010414 4+4-3+3+3+3+3-2 26  32 22 18 18 18 18 12  7 18
20010415 3-3+3-2-4+2+2 2+21+ 12 18 12  6 32  9  7  9 13
20010416 3+2+1+1+2-2-1+2+15+ 18  9  5  5  6  6  5  9  8
20010417 2 2+1 1 1+2-1+2+13   7  9  4  4  5  6  5  9  6
20010418 6 7+7-3 2 3-2+3-33- 80154111 15  7 12  9 12 50
20010419 3-2+1+1+1+1-1-2 12+ 12  9  5  5  5  3  3  7  6
20010420 3-3-1 1+2 1-1-1+12+ 12 12  4  5  7  3  3  5  6
20010421 1+2-0+1 1 3+2 3 14-  5  6  2  4  4 18  7 15  8
20010422 4-3+4 4-5 6+5-4 35- 22 18 27 22 48 94 39 27 37
20010423 4 4+4 3+2+2+1+1 23- 27 32 27 18  9  9  5  4 16
20010424 1+2+2+2-1+1 1-1+12   5  9  9  6  5  4  3  5  6
20010425 1+0+1 2 2+2 2 2-13-  5  2  4  7  9  7  7  6  6
20010426 1 2-3-2-1+1+2-2-13   4  6 12  6  5  5  6  6  6
20010427 1+1 1 1 1 1+1+1- 9-  5  4  4  4  4  5  5  3  4
20010428 2-6-4 4 6 6-4 3+34+  6 67 27 27 80 67 27 18 40
20010429 4+4-3-1+3-3-2-0+19+ 32 22 12  5 12 12  6  2 13
20010430 1-0 0+0 0 0 1 0+ 2+  3  0  2  0  0  0  4  2  1
20010501 1 0+1-1-1 0+2-1- 6+  4  2  3  3  4  2  6  3  3
20010502 1 1+2 2-1 1+1-1-10-  4  5  7  6  4  5  3  3  5
20010503 2 1 1 2+1+2-2-2-13-  7  4  4  9  5  6  6  6  6
20010504 1 2 3 2 1 1 2-2-13+  4  7 15  7  4  4  6  6  7
20010505 0+0+1-1-0 1-1 1  5-  2  2  3  3  0  3  4  4  3
20010506 0+0+2-1+1+1 2-2 10-  2  2  6  5  5  4  6  7  5
20010507 3-4 3+2 3-2 3-1-20  12 27 18  7 12  7 12  3 12
20010508 1+1-2+2+3+4-4+4 22   5  3  9  9 18 22 32 27 16
20010509 5 5 4-4-5-5+5 4+37- 48 48 22 22 39 56 48 32 39
20010510 5+5 4-3-3-2+3 3-27+ 56 48 22 12 12  9 15 12 23
20010511 2+1 1+1 0+1-2-3+12-  9  4  5  4  2  3  6 18  6
20010512 3+2+3+5-5+4+4+5-32+ 18  9 18 39 56 32 32 39 30
20010513 5 3+2+2+3+4 5+4+30  48 18  9  9 18 27 56 32 27
20010514 4+3 3 1 1 2-2-1 17- 32 15 15  4  4  6  6  4 11
20010515 1+2-3-2+2-3 4-3 19+  5  6 12  9  6 15 22 15 11
20010516 3-2 3-2-1+1+1-2+15- 12  7 12  6  5  5  3  9  7
20010517 2-2 1 1 1 2 2-2+13-  6  7  4  4  4  7  6  9  6
20010518 3-2+1 1 2-1+1+3 14+ 12  9  4  4  6  5  5 15  8
20010519 4 4-2-1 1+1-2-1-15- 27 22  6  4  5  3  6  3 10
20010520 1 2-2-1+2 1+1 1 11   4  6  6  5  7  5  4  4  5
20010521 1-1-1-1+1 1-1 1- 7-  3  3  3  5  4  3  4  3  4
20010522 1+1+1+2 2 2 3-2 15-  5  5  5  7  7  7 12  7  7
20010523 2+2 2-1+2+3+2+2+18-  9  7  6  5  9 18  9  9  9
20010524 2+2 1-1 1 1 1 1 10   9  7  3  4  4  4  4  4  5
20010525 1+1 1 1+2+3-3-1 13+  5  4  4  5  9 12 12  4  7
20010526 2-2 2-1+1-1-1-1 10-  6  7  6  5  3  3  3  4  5
20010527 0+0+0+1 1+4+3-2 12+  2  2  2  4  5 32 12  7  8
20010528 2+2 2+4-4-4+3+4 26-  9  7  9 22 22 32 18 27 18
20010529 3 2-1 1 3 3+1+1-15  15  6  4  4 15 18  5  3  9
20010530 0+0+0 0+1+1-1+1  5+  2  2  0  2  5  3  5  4  3
20010531 0+0+0 0+1 1-1-1- 4   2  2  0  2  4  3  3  3  2
20010601 0+1-1-2+3 2+3-4-16-  2  3  3  9 15  9 12 22  9
20010602 5+4 3 4 3+2 3-3+28- 56 27 15 27 18  7 12 18 22
20010603 2-2-2+1 1 1+2+2 13+  6  6  9  4  4  5  9  7  6
20010604 3 1+1+2-2-2+1+2 15- 15  5  5  6  6  9  5  7  7
20010605 2+2 1+1-1-1-1-2-10   9  7  5  3  3  3  3  6  5
20010606 1+1 1+1 2+2+2 2 13+  5  4  5  4  9  9  7  7  6
20010607 2 3+1+3-2+2-2 2-17   7 18  5 12  9  6  7  6  9
20010608 1 1+2-2 2-2+2+3-15   4  5  6  7  6  9  9 12  7
20010609 2-3-2+3+3+4-5 6-28-  6 12  9 18 18 22 48 67 25
20010610 6-3 3+3 2 3-3 2+25  67 15 18 15  7 12 15  9 20
20010611 3 2 1 1+2+2+2 2-16- 15  7  4  5  9  9  7  6  8
20010612 2 1 1+1-1-1-1+1+ 9   7  4  5  3  3  3  5  5  4
20010613 2+3-3-2 2-2-2 1+16+  9 12 12  7  6  6  7  5  8
20010614 2+1-1-1-1-1+1+4-11+  9  3  3  3  3  5  5 22  7
20010615 3 3 2-2+0+1-1+0+13- 15 15  6  9  2  3  5  2  7
20010616 2 1+2 1-1-1-2 1-10   7  5  7  3  3  3  7  3  5
20010617 0+1-2-1+4-2+2-1+13   2  3  6  5 22  9  6  5  7
20010618 2 4+5 5 5+4+4-5-34+  7 32 48 48 56 32 22 39 36
20010619 4-2+1 1+1+3 3+3+19+ 22  9  4  5  5 15 18 18 12
20010620 2+3-3+3+3-3-1-2-19+  9 12 18 18 12 12  3  6 11
20010621 2-3-3 2 2+4-4-2+21+  6 12 15  7  9 22 22  9 13
20010622 2 1+0+1-1 1+1+2 10   7  5  2  3  4  5  5  7  5
20010623 1+1+1 1 1+1+1+1+10   5  5  4  4  5  5  5  5  5
20010624 2 1+2-2-2 3-2-2+15+  7  5  6  6  7 12  6  9  7
20010625 2-2 1+1 2-2 1+1 12   6  7  5  4  6  7  5  4  6
20010626 1 1+2-2+3+3+4 3+20+  4  5  6  9 18 18 27 18 13
20010627 4-3-1+0+0+1-0 0+ 9+ 22 12  5  2  2  3  0  2  6
20010628 0 0+0+0+0+0+0+1- 3-  0  2  2  2  2  2  2  3  2
20010629 0 0 0+1 1-1-1 2- 5+  0  0  2  4  3  3  4  6  3
20010630 1+1+1-2+2 1 2+2+13+  5  5  3  9  7  4  9  9  6
20010701 3-2-1 1-1 1+3-3-14- 12  6  4  3  4  5 12 12  7
20010702 1+1+0+1-1 1-2 1  8+  5  5  2  3  4  3  7  4  4
20010703 1-1+1+2-2+1+2+1 12   3  5  5  6  9  5  9  4  6
20010704 2-2-1 1+1+2+1+2 13-  6  6  4  5  5  9  5  7  6
20010705 2 2+3-2 3 3 3 3-21-  7  9 12  7 15 15 15 12 12
20010706 2-1+1+2-2+2+3 2 16-  6  5  5  6  9  9 15  7  8
20010707 2-1+1-1 1 1+2-1+10   6  5  3  4  4  5  6  5  5
20010708 2 2+2+2-1+3-4 5-21   7  9  9  6  5 12 27 39 14
20010709 5 2+1 0+1 1+2-1+14  48  9  4  2  4  5  6  5 10
20010710 0+2-1+2 2+3 3+2+16+  2  6  5  7  9 15 18  9  9
20010711 3+3 1-1-1+1 2 1-13- 18 15  3  3  5  4  7  3  7
20010712 2-2-2-1+2 1+2 2+14   6  6  6  5  7  5  7  9  6
20010713 2-2 1-1+0+0+2 3-11   6  7  3  5  2  2  7 12  6
20010714 4 4+2-2+3-2 1-1 19- 27 32  6  9 12  7  3  4 12
20010715 1-1-2 1+3-4-4-2+17   3  3  7  5 12 22 22  9 10
20010716 3-3 2-3 3-3+2+3+22  12 15  6 15 12 18  9 18 13
20010717 4+4-3-2+3+3+2 2-23+ 32 22 12  9 18 18  7  6 16
20010718 2-3-2+2-2+3-1+1+16   6 12  9  6  9 12  5  5  8
20010719 1 1+1+2 2 3 2 1 14-  4  5  5  7  7 15  7  4  7
20010720 1+2-1+1+2-1+0+0+ 9+  5  6  5  5  6  5  2  2  4
20010721 1 1+1-1 1+1 1-2- 9-  4  5  3  4  5  4  3  6  4
20010722 2 2+2+2-2 2+2+3-18-  7  9  9  6  7  9  9 12  8
20010723 3 3-2-2-2+2+2+2 18  15 12  6  6  9  9  9  7  9
20010724 3-2 2 2 4-3 3 2+21- 12  7  7  7 22 15 15  9 12
20010725 2+4-4 4+3+4 3+2+27+  9 22 27 32 18 27 18  9 20
20010726 4-4-2-2 2 1 2-2 18- 22 22  6  7  7  4  6  7 10
20010727 1 1+2+2-2-2 1+2 13+  4  5  9  6  6  7  5  7  6
20010728 1 0+0+0+1 0+0+1- 4+  4  2  2  2  4  2  2  3  3
20010729 1+2 2 1+2-2-1 1-12-  5  7  7  5  6  6  4  3  5
20010730 1+1 1+1+1+2-3-3 14-  5  4  5  5  5  6 12 15  7
20010731 4-4+4 3-5 5-3-3+30+ 22 32 27 12 48 39 12 18 26
20010801 4-2-2-3-2+2 1+2-17  22  6  6 12  9  7  5  6  9
20010802 1 1+2 1+2 2+1 1-12-  4  5  7  5  7  9  4  3  6
20010803 2+2-4+3-2 3-2 2+20   9  6 32 12  7 12  7  9 12
20010804 1+2-1+1+2-2+2 2 14-  5  6  5  5  6  9  7  7  6
20010805 2 2-3+4-5 5-3+3-26+  7  6 18 22 48 39 18 12 21
20010806 2+3+3 3+4 3+3-3+25+  9 18 15 18 27 18 12 18 17
20010807 3-2+1+2+2-1 2-1+14+ 12  9  5  9  6  4  6  5  7
20010808 3-1+1+1+2-1-2 1 12  12  5  5  5  6  3  7  4  6
20010809 1 2 1 1-2 2+2+3 14+  4  7  4  3  7  9  9 15  7
20010810 3-2-2 1+1-1-2 2 13  12  6  7  5  3  3  7  7  6
20010811 2 1-0+0 0+1-1-3- 7+  7  3  2  0  2  3  3 12  4
20010812 1+1 1+4-2-3+3 3+19-  5  4  5 22  6 18 15 18 12
20010813 4 5+3 3 3 3 3+3-27+ 27 56 15 15 15 15 18 12 22
20010814 2 2+2-3-3 2+2+3-19   7  9  6 12 15  9  9 12 10
20010815 2-2-1+1-1 1 2 2-11   6  6  5  3  4  4  7  6  5
20010816 1-1 0+1-1-1-1-1  6-  3  4  2  3  3  3  3  4  3
20010817 1 1 1-3+4+5 7 6+29-  4  4  3 18 32 48132 94 42
20010818 3 2+3+1-4-3+3 3+23- 15  9 18  3 22 18 15 18 15
20010819 0+2+3 3 1+2-2+0+14+  2  9 15 15  5  6  9  2  8
20010820 0+1-1-3-3-1+2-2 12   2  3  3 12 12  5  6  7  6
20010821 1 2-1+4-3 4-3+3-20+  4  6  5 22 15 22 18 12 13
20010822 1+2 3-4 4 3+4 4+26-  5  7 12 27 27 18 27 32 19
20010823 4-2+3-1 2-1 1 1+15- 22  9 12  4  6  4  4  5  8
20010824 1-1+0+1 1 1-0+0  5+  3  5  2  4  4  3  2  0  3
20010825 0 1+1-2+3-3+3+3 17-  0  5  3  9 12 18 18 15 10
20010826 3 2 3 2+1+2-3-3 19  15  7 15  9  5  6 12 15 10
20010827 1+2+1 2-2+2+5-4-19+  5  9  4  6  9  9 39 22 13
20010828 4 3+3-2 2 2-2 1 19- 27 18 12  7  7  6  7  4 11
20010829 1 2-2 2+1+1+1 1-11+  4  6  7  9  5  5  4  3  5
20010830 1-2 2-2+3 4-3-1 17   3  7  6  9 15 22 12  4 10
20010831 3-3-2+3+2-4 2 2 21- 12 12  9 18  6 27  7  7 12
20010901 2 2-1 1 1 1+1-0  9-  7  6  4  4  4  5  3  0  4
20010902 0 0 0 1-2-2+2-2+ 9-  0  0  0  3  6  9  6  9  4
20010903 2 2 3-3+3+4-3+4+25-  7  7 12 18 18 22 18 32 17
20010904 3+4+3 3-2+3+2+2 23+ 18 32 15 12  9 18  9  7 15
20010905 3 1+1+1-2+3 2+0+14+ 15  5  5  3  9 15  9  2  8
20010906 2 1 2-1+1+1-1+2-11   7  4  6  5  5  3  5  6  5
20010907 0 0 0 0+1-1-1-3- 5   0  0  0  2  3  3  3 12  3
20010908 3 2 1 1+2-1+1 0+12- 15  7  4  5  6  5  4  2  6
20010909 1 1 1 2-1+1-1 0+ 8   4  4  4  6  5  3  4  2  4
20010910 1+1-0+0+1-1 1 1  6+  5  3  2  2  3  4  4  4  3
20010911 1+1 0+1 3-3 3+3-15+  5  4  2  4 12 15 18 12  9
20010912 3-3-4-2+3-2-2+3 21  12 12 22  9 12  6  9 15 12
20010913 3-5-5-4 2+2 2 0+23- 12 39 39 27  9  7  7  2 18
20010914 3+2-1+1+2+1+1 3+16- 18  6  5  5  9  5  4 18  9
20010915 4 3-3-4-4-4-4+3-27+ 27 12 12 22 22 22 32 12 20
20010916 2+1+1-1 2 3-3-2+15   9  5  3  4  7 12 12  9  8
20010917 1 2-3-2-1+1 1 2 12+  4  6 12  6  5  4  4  7  6
20010918 2 2-1-1-2-4-4+2-16+  7  6  3  3  6 22 32  6 11
20010919 3 3+2-2-1+1 3-1 16- 15 18  6  6  5  4 12  4  9
20010920 1 1+1-2-1+1-1-2  9+  4  5  3  6  5  3  3  7  4
20010921 2-0+0+1-1 1-1-2+ 8-  6  2  2  3  4  3  3  9  4
20010922 2 1+2 3+3+2+1 0 15+  7  5  7 18 18  9  4  0  8
20010923 0+3-5 5-5 6-6 4+34-  2 12 48 39 48 67 80 32 41
20010924 4 2 2-2 2-2-2-1-15+ 27  7  6  7  6  6  6  3  8
20010925 1-2 2 1 1 1-6 7+21-  3  7  7  4  4  3 80154 33
20010926 6-4 5 5-2-2 2 2 27  67 27 48 39  6  7  7  7 26
20010927 1+2-1+3-2 3+4 2+19-  5  6  5 12  7 18 27  9 11
20010928 3-3-4-2+2+3 3 3+23  12 12 22  9  9 15 15 18 14
20010929 3+3+3-5-3 4 5-5+31  18 18 12 39 15 27 39 56 28
20010930 4 2+2 2-3+5 6-5 29  27  9  7  6 18 48 67 48 29
20011001 5 6 6-6-4+4 3 5 39- 48 80 67 67 32 27 15 48 48
20011002 4+5 6-4 4-4+6 7-40- 32 48 67 27 22 32 80111 52
20011003 5 3+5 7 7-7-5-5 43+ 48 18 48132111111 39 48 69
20011004 4+2+4 4-3-3+3-2-25- 32  9 27 22 12 18 12  6 17
20011005 1-1 1 2+1+3 3 1+14-  3  4  4  9  5 15 15  5  8
20011006 2 2 2+3 2 0+2-1-14   7  7  9 15  7  2  6  3  7
20011007 0+0 1-1-2-0+0+2  6   2  0  3  3  6  2  2  7  3
20011008 2 3-2+2+4-4-2+5-24-  7 12  9  9 22 22  9 39 16
20011009 4 3 3 4+4-4-1+1+24+ 27 15 15 32 22 22  5  5 18
20011010 2-2 2 2-2+2 2+1 15   6  7  7  6  9  7  9  4  7
20011011 3-3-2-1 2+5 5+3+24  12 12  6  4  9 48 56 18 21
20011012 6 6-4-3+4 4-3+3 33- 80 67 22 18 27 22 18 15 34
20011013 3 3 3 3 2 2+2 1-19  15 15 15 15  7  9  7  3 11
20011014 1+3-3 3-2 3-4 3 21+  5 12 15 12  7 12 27 15 13
20011015 3 4-2 2+2-2 1 2-17+ 15 22  7  9  6  7  4  6 10
20011016 3 2 2 2-2 2-2-1+15+ 15  7  7  6  7  6  6  5  7
20011017 2+1 1+1 1-1-0+1  8+  9  4  5  4  3  3  2  4  4
20011018 1-0 0+0+1 1+2-1- 6   3  0  2  2  4  5  6  3  3
20011019 1-1 1 2-3-3+3 2 15+  3  4  4  6 12 18 15  7  9
20011020 1 3+3-3+3-2+2 2+20-  4 18 12 18 12  9  7  9 11
20011021 3 3-2 1+2 6 7+8-32  15 12  7  5  7 80154179 57
20011022 7 5-4-6 6 7+7 7 49-132 39 22 80 80154132132 96
20011023 5+4+4-2-2 1+1+1 21- 56 32 22  6  7  5  5  4 17
20011024 1-0+1-0+0 0+0+0  3-  3  2  3  2  0  2  2  0  2
20011025 0 1-3 2+1 2 2+2 13+  0  3 15  9  4  7  9  7  7
20011026 1-1-1+2-0+1 2-2  9+  3  3  5  6  2  4  6  7  4
20011027 1+3-1-2-2+1 1-1-11   5 12  3  6  9  4  3  3  6
20011028 3-7-6-5-5 3+4 4 36  12111 67 39 48 18 27 27 44
20011029 3+3 3 3-3-3 3-3 23+ 18 15 15 12 12 15 12 15 14
20011030 2+3 2+2 1 1+1-1+14   9 15  9  7  4  5  3  5  7
20011031 1+0+1+0+3 3-4 4+17+  5  2  5  2 15 12 27 32 12
20011101 5 5-5-3-4 3+2 1-27  48 39 39 12 27 18  7  3 24
20011102 1-1 2-1-3+1 0+1- 9+  3  4  6  3 18  4  2  3  5
20011103 1-0 0+0+0+1-0+0  3-  3  0  2  2  2  3  2  0  2
20011104 0 0+2-3-2+2+1 0 10+  0  2  6 12  9  9  4  0  5
20011105 1-0+1+3-3 4 5+5 22+  3  2  5 12 15 27 56 48 21
20011106 9-9-7 5 5+7-6+6+54 300300132 48 56111 94 94142
20011107 6-4 2-3-2+2 2+3-23+ 67 27  6 12  9  7  9 12 19
20011108 2 2+2 2 1-1 1 1+12+  7  9  7  7  3  4  4  5  6
20011109 1+1 1 1 1-1+2 2-10   5  4  4  4  3  5  7  6  5
20011110 2-2-1-1+1+1+2-3+13   6  6  3  5  5  5  6 18  7
20011111 2+2-1+2+1 1 1-0+11-  9  6  5  9  4  4  3  2  5
20011112 1+0+0+1+1 0 0 0  4+  5  2  2  5  4  0  0  0  2
20011113 1-1 1-0+1-2-2-1+ 8   3  4  3  2  3  6  6  5  4
20011114 1-1-1+1-1-0+1-0+ 5+  3  3  5  3  3  2  3  2  3
20011115 0 0 0+1 1+4-4+2-12+  0  0  2  4  5 22 32  6  9
20011116 2+2+2+2 2+2-1 1 15   9  9  9  7  9  6  4  4  7
20011117 2 3+2 2+4-3-3 3 22   7 18  7  9 22 12 15 15 13
20011118 2+3-1+2 3-3-2+3+19+  9 12  5  7 12 12  9 18 10
20011119 4 3 2+3 3+3+4+4-27  27 15  9 15 18 18 32 22 20
20011120 3+3 4 1+0+0 0 0 12  18 15 27  5  2  0  0  0  8
20011121 1-0+2-1 1+2 1 0+ 8+  3  2  6  4  5  7  4  2  4
20011122 1 3-2 2+2+2 3-3-18-  4 12  7  9  9  7 12 12  9
20011123 3-2+2+3-3 3 3-3+22  12  9  9 12 15 15 12 18 13
20011124 3+5+8+7 8-7+3 5-47- 18 56236132179154 15 39104
20011125 2-3-3-3 2 2 1 1-16-  6 12 12 15  7  7  4  3  8
20011126 2-1 3-2-1-0+0 1- 9-  6  4 12  6  3  2  0  3  4
20011127 1-0+0 0+0 1-1-1  4-  3  2  0  2  0  3  3  4  2
20011128 0+0 0+0 1-1 1-1+ 4+  2  0  2  0  3  4  3  5  2
20011129 1+0+1+1 1-0+0+0  5+  5  2  5  4  3  2  2  0  3
20011130 1-0+0 0+0+0+1 1  4   3  2  0  2  2  2  4  4  2
20011201 1-1-2-2 3-3-1 2-13   3  3  6  7 12 12  4  6  7
20011202 1 0 1 1+2 2 1+1 10-  4  0  4  5  7  7  5  4  4
20011203 0+2-1-1+2+2 3+3+15   2  6  3  5  9  7 18 18  8
20011204 3 2+2-2+3 2-3 2 19  15  9  6  9 15  6 15  7 10
20011205 4 3-1+2+2 2 3-2 19  27 12  5  9  7  7 12  7 11
20011206 3 2-2 3 2+3-3-3 20+ 15  6  7 15  9 12 12 15 11
20011207 2+1+1-1 2+3-1 2-13   9  5  3  4  9 12  4  6  6
20011208 3+1+2-2-2 1 1-1-12+ 18  5  6  6  7  4  3  3  6
20011209 0+1-0 1+1-0 0+2- 5   2  3  0  5  3  0  2  6  3
20011210 0+0+1 1-2-1-1-1+ 7-  2  2  4  3  6  3  3  5  4
20011211 1-1 1-1-1 1 2-2- 8+  3  4  3  3  4  4  6  6  4
20011212 2 2+2+3+2+2+3 3 21-  7  9  9 18  9  9 15 15 11
20011213 2 2-1 0+1 1 0 0  7   7  6  4  2  4  4  0  0  3
20011214 0 1-0 1 2 2-2 2  9+  0  3  0  4  7  6  7  7  4
20011215 2+3 2 2+3 2-1 2+18-  9 15  7  9 15  6  4  9  9
20011216 3-3+3+2+2+2-2-1+19- 12 18 18  9  9  6  6  5 10
20011217 3-4-3 3 3+4-3 2-24  12 22 15 15 18 22 15  6 16
20011218 4-2 2 2+3-2 1 2-17+ 22  7  7  9 12  7  4  6  9
20011219 3 2+2 3-1 2-2+1+16+ 15  9  7 12  4  6  9  5  8
20011220 1 0 1 1+2 1+1 2- 9+  4  0  4  5  7  5  4  6  4
20011221 0+2 2+3-2+4-4 4-21   2  7  9 12  9 22 27 22 14
20011222 3 3 2+2+2 1-2 1-16  15 15  9  9  7  3  7  3  8
20011223 1+2 1+3-2-2 1 2 14   5  7  5 12  6  7  4  7  7
20011224 2 3+5-4+4+4+3 3-29-  7 18 39 32 32 32 15 12 23
20011225 3-2+2-3-2-2 1 3 17  12  9  6 12  6  7  4 15  9
20011226 2+1-1-1 1 2-2+2+12   9  3  3  4  4  6  9  9  6
20011227 2+1 1 1+2-2 3-2-14-  9  4  4  5  6  7 12  6  7
20011228 1-0 2-1+2 1 1 2 10-  3  0  6  5  7  4  4  7  4
20011229 2-4 2+3-2+2+2 3-20   6 27  9 12  9  9  7 12 11
20011230 3+5-3+2 2+2+4 5-27- 18 39 18  7  9  9 27 39 21
20011231 3+3+2 1+1+3 4-4 22  18 18  7  5  5 15 22 27 15
