YYYYMMDD Kp[8]           Sum ap[8]                   Ap
20180101 3+4-2+2+3-1 1 1+18- 18 22  9  9 12  4  4  5 10
20180102 2-1-0+1-2-1 2 1  9   6  3  2  3  6  4  7  4  4
20180103 0 1-1 1-0+1 0+0  4   0  3  4  3  2  4  2  0  2
20180104 1-0 1 0 1-0+1+1  5   3  0  4  0  3  2  5  4  3
20180105 1-2-1+1-1-1+1 2  9+  3  6  5  3  3  5  4  7  4
20180106 1+0 1-0 0+0 0+0+ 3   5  0  3  0  2  0  2  2  2
20180107 1 0 0 0 0+1-1-0+ 3   4  0  0  0  2  3  3  2  2
20180108 0+1-2+2-4-3 2 2-15+  2  3  9  6 22 15  7  6  9
20180109 4-2+2 1+2 2 2-2-17- 22  9  7  5  7  7  6  6  9
20180110 1+2-1 1 0+1 0+0  7-  5  6  4  4  2  4  2  0  3
20180111 0+1 0 0+1-0 0+1- 3+  2  4  0  2  3  0  2  3  2
20180112 1-1+1 1 1-1+0+0  6+  3  5  4  4  3  5  2  0  3
20180113 0 0 1+1+2 2-3 2+12-  0  0  5  5  7  6 15  9  6
20180114 5-4 2 1+2-2 1 2 19- 39 27  7  5  6  7  4  7 13
20180115 4-2 3-1+1-2 2-2 16  22  7 12  5  3  7  6  7  9
20180116 2 0+1-1+1-1-1 1  8-  7  2  3  5  3  3  4  4  4
20180117 0 0 0 1-0+0 0 0+ 1+  0  0  0  3  2  0  0  2  1
20180118 0 0+0 0 0+0+0+0+ 2-  0  2  0  0  2  2  2  2  1
20180119 1+3-2+2-1-1-2+3-14+  5 12  9  6  3  3  9 12  7
20180120 3-3 3-1 1-1 1+1 13+ 12 15 12  4  3  4  5  4  7
20180121 1 1-2-2+3 2 3 3-16+  4  3  6  9 15  7 15 12  9
20180122 3 3 2 2-1 3-3+3-19+ 15 15  7  6  4 12 18 12 11
20180123 2 2 0+1-1 1+0+0+ 8   7  7  2  3  4  5  2  2  4
20180124 0 0 0+1-3 3+1 4 12+  0  0  2  3 15 18  4 27  9
20180125 3 2+2 2 1+3 2+2-18- 15  9  7  7  5 15  9  6  9
20180126 3 2+3-1 0+1-2-2-13+ 15  9 12  4  2  3  6  6  7
20180127 3-2-1-1 1 1+2-1+11+ 12  6  3  4  4  5  6  5  6
20180128 1 1 0 1-1+1-0+2- 7-  4  4  0  3  5  3  2  6  3
20180129 0+0+1 1 1-1-1 0+ 5+  2  2  4  4  3  3  4  2  3
20180130 1-2+2-1-0+0 0+0+ 6+  3  9  6  3  2  0  2  2  3
20180131 0 0 1+2 2+2-1+3-11+  0  0  5  7  9  6  5 12  6
20180201 3-0+0+0+0+0 1+1+ 7- 12  2  2  2  2  0  5  5  4
20180202 2 1 1-1-1-0+0+0  6-  7  4  3  3  3  2  2  0  3
20180203 0+0+1 1 0+0+2-1+ 6+  2  2  4  4  2  2  6  5  3
20180204 1-0 0 0+0+1 2+1  6-  3  0  0  2  2  4  9  4  3
20180205 3-2 2 2-3 2+1 0+15  12  7  7  6 15  9  4  2  8
20180206 0+2+1+2-1+0 1-1+ 9   2  9  5  6  5  0  3  5  4
20180207 0+0+1-1 2-0 0 0  4   2  2  3  4  6  0  0  0  2
20180208 0 1 1-1-0+0 0+1+ 4+  0  4  3  3  2  0  2  5  2
20180209 1+3-1-0 0 0 0+2+ 7+  5 12  3  0  0  0  2  9  4
20180210 1 2+1+2+2 1+1+1-12+  4  9  5  9  7  5  5  3  6
20180211 1-0 0+0+0+1-0+0  3-  3  0  2  2  2  3  2  0  2
20180212 0 1 2-0+0+0+2-1- 6   0  4  6  2  2  2  6  3  3
20180213 0 1-1-0+0+0+0+1- 3+  0  3  3  2  2  2  2  3  2
20180214 1 0 0 0 0 0 1 1+ 3+  4  0  0  0  0  0  4  5  2
20180215 1 0 2 1 2+5-3 3-17-  4  0  7  4  9 39 15 12 11
20180216 2+2+2+1+1-1+2-2+14+  9  9  9  5  3  5  6  9  7
20180217 3 4-3 1+3 2-1 2+19  15 22 15  5 15  6  4  9 11
20180218 4 2 2+2 3 4-2+2+22- 27  7  9  7 15 22  9  9 13
20180219 4 4 2+2-3-2 4 3-23+ 27 27  9  6 12  7 27 12 16
20180220 3-0 0+0+1+1 0+0  6  12  0  2  2  5  4  2  0  3
20180221 0 0 1-2 0+0+1-0+ 4+  0  0  3  7  2  2  3  2  2
20180222 2-1+1-2-2+3-4-3+17+  6  5  3  6  9 12 22 18 10
20180223 2-4-3 4+1+2 3+3-22   6 22 15 32  5  7 18 12 15
20180224 3+3+3-2-1+0+0+1 14  18 18 12  6  5  2  2  4  8
20180225 1-0 1-0 0+2-2 1+ 7-  3  0  3  0  2  6  7  5  3
20180226 2 2-2-2-1 1+0+3 13-  7  6  6  6  4  5  2 15  6
20180227 4 5+2-2 4+2+1+1 22  27 56  6  7 32  9  5  4 18
20180228 2+2+1-1+2-1 2-1+12+  9  9  3  5  6  4  6  5  6
20180301 1-2-1-1 1+1-3-2+11   3  6  3  4  5  3 12  9  6
20180302 3-0+0+0+0+0+1-1- 6- 12  2  2  2  2  2  3  3  4
20180303 1 0 1 2 1+1 2 3-11   4  0  4  7  5  4  7 12  5
20180304 3-2 2-1-1+1+1-1-11  12  7  6  3  5  5  3  3  6
20180305 1+0 1 1+1 1+1+1+ 9-  5  0  4  5  4  5  5  5  4
20180306 2-1-1-1 1 2 1-1- 8+  6  3  3  4  4  7  3  3  4
20180307 0+0 1-0 0 0+3-1  5   2  0  3  0  0  2 12  4  3
20180308 1-1+2-1 0+0 1 0+ 6+  3  5  6  4  2  0  4  2  3
20180309 3-3 1-1 1 1 2+4+16  12 15  3  4  4  4  9 32 10
20180310 4 4-3-1+2 1+2+2-19  27 22 12  5  7  5  9  6 12
20180311 2+1+1+0+0+1-1 1  8+  9  5  5  2  2  3  4  4  4
20180312 0+0 0 0+1 1 1-0  3+  2  0  0  2  4  4  3  0  2
20180313 0 0 1 1-1 1-1 0+ 5-  0  0  4  3  4  3  4  2  2
20180314 0+0+1 1-1+4 3-4-14   2  2  4  3  5 27 12 22 10
20180315 4 2+2-3-2-3+3+4-23- 27  9  6 12  6 18 18 22 15
20180316 3 4+3-2+3 4 3 4-26  15 32 12  9 15 27 15 22 18
20180317 4+3 2+2-2+2-2+4-21+ 32 15  9  6  9  6  9 22 14
20180318 3-2+1-1 3+4-4+6 24  12  9  3  4 18 22 32 80 22
20180319 4+4-3 1 2-2 2+3 21  32 22 15  4  6  7  9 15 14
20180320 3 3 0+0+1+0+2 1+12- 15 15  2  2  5  2  7  5  7
20180321 1 2 1-0 0+0+2 1  7+  4  7  3  0  2  2  7  4  4
20180322 1 2 0+0+1-2-3-3 12-  4  7  2  2  3  6 12 15  6
20180323 4 3 1+3 2 2-4-4-22+ 27 15  5 15  7  6 22 22 15
20180324 2 2 1+2 2-2 2+3-16   7  7  5  7  6  7  9 12  8
20180325 3+4-3 3+2 3-2+4 24+ 18 22 15 18  7 12  9 27 16
20180326 3-3 3-2 1+2+3-2+19  12 15 12  7  5  9 12  9 10
20180327 3-3 2 2 2+1+0+1-14+ 12 15  7  7  9  5  2  3  8
20180328 1-0+1-0 0+0 0+0+ 3-  3  2  3  0  2  0  2  2  2
20180329 0 0 1-2-1 2-1-1  7-  0  0  3  6  4  6  3  4  3
20180330 1+2+1-1 1+1-1-1- 9-  5  9  3  4  5  3  3  3  4
20180331 3-2-1+1+1+2-1-1-11+ 12  6  5  5  5  6  3  3  6
20180401 1+1 1 1+1 1+1 1  9   5  4  4  5  4  5  4  4  4
20180402 2-1 1-1-1+1+1+1+ 9+  6  4  3  3  5  5  5  5  4
20180403 1+2 1 0+0 0 0 0  5-  5  7  4  2  0  0  0  0  2
20180404 0 0 0+2-2-2-1+2- 8+  0  0  2  6  6  6  5  6  4
20180405 3 2 1-1-1+3-3 1+15- 15  7  3  3  5 12 15  5  8
20180406 1-0+0+1-1 2-1 1- 6+  3  2  2  3  4  6  4  3  3
20180407 0+1 1-0+1 1+1-2  7+  2  4  3  2  4  5  3  7  4
20180408 1-1+0+1-0+2-2 2+ 9+  3  5  2  3  2  6  7  9  5
20180409 1+1+2 1+2 2+3 4+18-  5  5  7  5  7  9 15 32 11
20180410 2 4 4 3-3+3 2+4-25   7 27 27 12 18 15  9 22 17
20180411 4+4-3 2-1+0+1 2 17+ 32 22 15  6  5  2  4  7 12
20180412 2-2-3-1+2 1+2+3 16   6  6 12  5  7  5  9 15  8
20180413 4-2+2-1+1 1-2 3-15+ 22  9  6  5  4  3  7 12  8
20180414 2 1+0 0+2 2 1+2-11-  7  5  0  2  7  7  5  6  5
20180415 2+1+1+1-2-1-1-2-10+  9  5  5  3  6  3  3  6  5
20180416 1 1-0 0+0+0+0 1  4-  4  3  0  2  2  2  0  4  2
20180417 1-1-1-0 0+1-1-1  5-  3  3  3  0  2  3  3  4  3
20180418 1+2-1-1-2-2 2-1-10+  5  6  3  3  6  7  6  3  5
20180419 0 0 0 1 0+0 1-1- 3-  0  0  0  4  2  0  3  3  2
20180420 3+4 6 6-4+5 5+3+37  18 27 80 67 32 48 56 18 43
20180421 3 3-3-2 2+3+3 1+20+ 15 12 12  7  9 18 15  5 12
20180422 1+2-1 0+2-1 1 2-10-  5  6  4  2  6  4  4  6  5
20180423 3-2-0+0 1 1-3 2 11+ 12  6  2  0  4  3 15  7  6
20180424 0+0 1-0+1+1+2 2- 8-  2  0  3  2  5  5  7  6  4
20180425 2 2 1 1-0+0 0 1+ 7+  7  7  4  3  2  0  0  5  4
20180426 2-1-0+1 1 0+1-2- 7+  6  3  2  4  4  2  3  6  4
20180427 1+0 0 1-1+3-2-2 10-  5  0  0  3  5 12  6  7  5
20180428 2-1-1-0+1+1-0+0  6-  6  3  3  2  5  3  2  0  3
20180429 0+0 1 1-1+1+0+1- 6-  2  0  4  3  5  5  2  3  3
20180430 2+1+1-1-2 2-1+0 10   9  5  3  3  7  6  5  0  5
20180501 0 0+1 0+0+0+0+1- 3+  0  2  4  2  2  2  2  3  2
20180502 1 2 2-1 1 1-0+0  8-  4  7  6  4  4  3  2  0  4
20180503 0+0+0+0+1-1-1 1+ 5   2  2  2  2  3  3  4  5  3
20180504 0+1-1+1-1-1 1+1  7   2  3  5  3  3  4  5  4  4
20180505 1-1-0+3-4 5-4+6-23   3  3  2 12 27 39 32 67 23
20180506 6-4 3+3-3 2+4+4+30- 67 27 18 12 15  9 32 32 26
20180507 4-4 3 2-3 3+2+3+24+ 22 27 15  6 15 18  9 18 16
20180508 3-3 2+3-3-4-4-2 23- 12 15  9 12 12 22 22  7 14
20180509 3+3-2+2-2+2+4 4-22+ 18 12  9  6  9  9 27 22 14
20180510 3+3-3 2 2 3 1-3-19+ 18 12 15  7  7 15  3 12 11
20180511 2 3+4-2-3 2 4-3+23-  7 18 22  6 15  7 22 18 14
20180512 3-4-1 1+1 1-2-2 14  12 22  4  5  4  3  6  7  8
20180513 1-2-2+2 2 2 2+2+15+  3  6  9  7  7  7  9  9  7
20180514 1 1 1 1-1-1-1-2  8-  4  4  4  3  3  3  3  7  4
20180515 0 0+1-0+1-1+1-1  5   0  2  3  2  3  5  3  4  3
20180516 0 0 0+0+1+1-1+1+ 5+  0  0  2  2  5  3  5  5  3
20180517 3-2-2-3-3 2+2+2 18+ 12  6  6 12 15  9  9  7 10
20180518 2-1 0+1 1+1 1 1  8+  6  4  2  4  5  4  4  4  4
20180519 0 0 0 0+1-1 1 0+ 3+  0  0  0  2  3  4  4  2  2
20180520 0+1 1 0+1-0+0 0+ 4   2  4  4  2  3  2  0  2  2
20180521 0 1-0+1-0 0+0 1  3   0  3  2  3  0  2  0  4  2
20180522 0 0+2 1-1+1+2 2- 9+  0  2  7  3  5  5  7  6  4
20180523 1+2 3+3-2+1+1-1+15   5  7 18 12  9  5  3  5  8
20180524 1 1+0+0+1-1-0+1- 5+  4  5  2  2  3  3  2  3  3
20180525 1+0+0+0+1+0+0+0+ 5-  5  2  2  2  5  2  2  2  3
20180526 0 1-0+0+1-0+1 1+ 5-  0  3  2  2  3  2  4  5  3
20180527 1 1+0+1+1-0+1-1- 6+  4  5  2  5  3  2  3  3  3
20180528 0+1 1 1 2-1+1-0+ 7+  2  4  4  4  6  5  3  2  4
20180529 1-2-1-1-1 1-1-0+ 6+  3  6  3  3  4  3  3  2  3
20180530 0+0+1-0+1-1 2-2- 7-  2  2  3  2  3  4  6  6  4
20180531 1+1+1-1+2-4-4+3 17+  5  5  3  5  6 22 32 15 12
20180601 3 4-5-4+5-4-2+2+29- 15 22 39 32 39 22  9  9 23
20180602 3-4 3-2 3-2+4 4-24  12 27 12  7 12  9 27 22 16
20180603 3-2-1 2-3-3-2 2-16  12  6  4  6 12 12  7  6  8
20180604 1 1+1+1+1-1 1+1- 9-  4  5  5  5  3  4  5  3  4
20180605 2-1+1 1 2-2-2-1-11-  6  5  4  4  6  6  6  3  5
20180606 1-1-0+0+1+2+4-2-11   3  3  2  2  5  9 22  6  6
20180607 3-2-1 1 0+1-1 1+10- 12  6  4  4  2  3  4  5  5
20180608 1-2 1-2-1+0+0+0+ 7+  3  7  3  6  5  2  2  2  4
20180609 1 1-1 1 0+1-1+0  6   4  3  4  4  2  3  5  0  3
20180610 1-1 0 0 0+1 1-0  4-  3  4  0  0  2  4  3  0  2
20180611 1 0+0+0+1 1+0+1  6-  4  2  2  2  4  5  2  4  3
20180612 2-2-0+0+1-0+0+1- 6   6  6  2  2  3  2  2  3  3
20180613 0+1-1 0+0+0+2 2  7   2  3  4  2  2  2  7  7  4
20180614 1+1 1+1 1+1 1 1  9   5  4  5  4  5  4  4  4  4
20180615 1-1-0+1 1-1 0+0  5-  3  3  2  4  3  4  2  0  3
20180616 0 1-0+0 0+0+0+1- 3-  0  3  2  0  2  2  2  3  2
20180617 1-1-1 0+0+1 2-2- 7+  3  3  4  2  2  4  6  6  4
20180618 4 3+4-3+3 2+2+2 24  27 18 22 18 15  9  9  7 16
20180619 1+2-2+2-1 1-1 1 11-  5  6  9  6  4  3  4  4  5
20180620 0+2-2+2-1 1 1-1 10-  2  6  9  6  4  4  3  4  5
20180621 1-1-1-1 0+1-0+0+ 5-  3  3  3  4  2  3  2  2  3
20180622 0+1 1 0+0+1 1+1- 6   2  4  4  2  2  4  5  3  3
20180623 2+3+2-4 4 3 3+4-25+  9 18  6 27 27 15 18 22 18
20180624 3-2-2+2-2 1-1+1 13+ 12  6  9  6  7  3  5  4  6
20180625 1 1-1-2-3-2 3 5 17-  4  3  3  6 12  7 15 48 12
20180626 5-4-3-4-4-3 3+2 27- 39 22 12 22 22 15 18  7 20
20180627 1 2+1+1+2 1+1+3-13+  4  9  5  5  7  5  5 12  6
20180628 2-1-0+1+2-1+2-1 10-  6  3  2  5  6  5  6  4  5
20180629 1-1+1-1-1 1 0+0  6-  3  5  3  3  4  4  2  0  3
20180630 0+0+1 1 1 1 1-1  6+  2  2  4  4  4  4  3  4  3
20180701 0+1-0+0+0+0+0+0  3-  2  3  2  2  2  2  2  0  2
20180702 0 1-0+0+1 0+0+0  3   0  3  2  2  4  2  2  0  2
20180703 0 0 0 0+2-2-1-1- 5   0  0  0  2  6  6  3  3  2
20180704 1-1 1+1-1 1 1-1- 7   3  4  5  3  4  4  3  3  4
20180705 2+1 0+2 4-4+5-4-22   9  4  2  7 22 32 39 22 17
20180706 4-2 1 2 1 1 1-2 13+ 22  7  4  7  4  4  3  7  7
20180707 2 2-1 1 1-1+2-1 10+  7  6  4  4  3  5  6  4  5
20180708 1 1-1 1-1+0+1-1  7-  4  3  4  3  5  2  3  4  4
20180709 0+1-0+0+0+0+0 0+ 3-  2  3  2  2  2  2  0  2  2
20180710 2 2+2-1+2+2-1+0+13   7  9  6  5  9  6  5  2  6
20180711 0+1+2+2+3-2-2+2 15   2  5  9  9 12  6  9  7  7
20180712 1+3-3-1+2-1+1+1+14-  5 12 12  5  6  5  5  5  7
20180713 3-2 1+1-1-1+1 1-10+ 12  7  5  3  3  5  4  3  5
20180714 2-1 1 1 1 0+1 0  7   6  4  4  4  4  2  4  0  4
20180715 1 1+0+0+0+0+1-0+ 5-  4  5  2  2  2  2  3  2  3
20180716 1-2-3-2-1 2 2+3-15-  3  6 12  6  4  7  9 12  7
20180717 1 3 3 1 1-1+1-1 12-  4 15 15  4  3  5  3  4  7
20180718 0+0+1-0+1-1-1 1  5   2  2  3  2  3  3  4  4  3
20180719 1 0+1-1 1-1 1 1- 6+  4  2  3  4  3  4  4  3  3
20180720 2 1-1 2 2 1-2 2 12+  7  3  4  7  7  3  7  7  6
20180721 2-2 3 3-3+3-2-2-19-  6  7 15 12 18 12  6  6 10
20180722 1+1 1+1+1 1+1 1- 9   5  4  5  5  4  5  4  3  4
20180723 0 1-1 1-1-0+1 1  5+  0  3  4  3  3  2  4  4  3
20180724 4-3 3+3-2 3 3+4 25  22 15 18 12  7 15 18 27 17
20180725 3-3+2 1+1+1+1 1+14+ 12 18  7  5  5  5  4  5  8
20180726 1-1 0+1-1+1-1-1- 6   3  4  2  3  5  3  3  3  3
20180727 1-1-0+0+0+0+1-2- 5   3  3  2  2  2  2  3  6  3
20180728 2-2 1-1+1+1-1+0+ 9+  6  7  3  5  5  3  5  2  4
20180729 1+1 1-1 1 1-1+1- 8-  5  4  3  4  4  3  5  3  4
20180730 1-0+0 0+2-1 2 2  8   3  2  0  2  6  4  7  7  4
20180731 1+1 0+0+0+1-2 2+ 8+  5  4  2  2  2  3  7  9  4
20180801 2 0+0+1-2-2-2 2+11   7  2  2  3  6  6  7  9  5
20180802 3-2 2-1 1+0+0+0  9+ 12  7  6  4  5  2  2  0  5
20180803 1-1+1 3-2+1+0+1-10+  3  5  4 12  9  5  2  3  5
20180804 2-2 1 1+0+1-0+1+ 9-  6  7  4  5  2  3  2  5  4
20180805 1-1 1-2 1+1 0+1- 8-  3  4  3  7  5  4  2  3  4
20180806 0 1-1-1-1 1-1-0+ 5-  0  3  3  3  4  3  3  2  3
20180807 2 2 1+2 3 3-3 2-18-  7  7  5  7 15 12 15  6  9
20180808 1-1-1+1+2-1 1 1+ 9   3  3  5  5  6  4  4  5  4
20180809 1+1-1+1+1-0+1-1- 7   5  3  5  5  3  2  3  3  4
20180810 1+1-0+0+1-1 1 1  6+  5  3  2  2  3  4  4  4  3
20180811 1+2-2-2-3 2+2 4-17+  5  6  6  6 15  9  7 22 10
20180812 1 1-1-2-2-1 2-2 10+  4  3  3  6  6  4  6  7  5
20180813 0+1 1 1 1+1-0+1  7-  2  4  4  4  5  3  2  4  4
20180814 1+0+1-1 1-1-0+1  6   5  2  3  4  3  3  2  4  3
20180815 2 1 2-3-4 3 3 3+21-  7  4  6 12 27 15 15 18 13
20180816 4-2+2 2+3-1+2-2+18+ 22  9  7  9 12  5  6  9 10
20180817 3 4 2+2 1 0+3+3+19+ 15 27  9  7  4  2 18 18 12
20180818 1+3-3+3-2 2+1+2-17+  5 12 18 12  7  9  5  6  9
20180819 2+2 1+1+1 3-2+2 15   9  7  5  5  4 12  9  7  7
20180820 4-3+2-2 3-3 4 2+23- 22 18  6  7 12 15 27  9 14
20180821 3-1+2 2 1+1+1+2+14+ 12  5  7  7  5  5  5  9  7
20180822 2-2+1+0+1+1-0+2 10   6  9  5  2  5  3  2  7  5
20180823 2-1 1-0+1 1-1-1- 7-  6  4  3  2  4  3  3  3  4
20180824 0 1-1+1+3-1+0+1- 8+  0  3  5  5 12  5  2  3  4
20180825 1-1 2 2+3-2-4-4+18+  3  4  7  9 12  6 22 32 12
20180826 5 7-7+5-5-6 5 3 42+ 48111154 39 39 80 48 15 67
20180827 1+2+3-4-4-6-5 3-27   5  9 12 22 22 67 48 12 25
20180828 4-3-2-3-2 1-1-0+14+ 22 12  6 12  7  3  3  2  8
20180829 2+2-1-1 1 2 1+1+11+  9  6  3  4  4  7  5  5  5
20180830 1+1-1 0+0+0+1-2- 6+  5  3  4  2  2  2  3  6  3
20180831 1 1-0+1-1 2-2+1- 8+  4  3  2  3  4  6  9  3  4
20180901 1-1-0+0+1+1-2 1+ 7+  3  3  2  2  5  3  7  5  4
20180902 1+2 1 0+0+1+1+2- 9+  5  7  4  2  2  5  5  6  4
20180903 1+1+0+0+1 1 1-1+ 7+  5  5  2  2  4  4  3  5  4
20180904 2-3-3-1-1 2-2 3 15+  6 12 12  3  4  6  7 15  8
20180905 3+3 2-3-3-2-1+1 17+ 18 15  6 12 12  6  5  4 10
20180906 2 1+1 0+1-1 1+2- 9+  7  5  4  2  3  4  5  6  4
20180907 2+2 1 1-1 1 0+1- 9   9  7  4  3  4  4  2  3  4
20180908 0+0 2+0+1-1 1-2- 7   2  0  9  2  3  4  3  6  4
20180909 2-1+1+1-1+2-2-3-12+  6  5  5  3  5  6  6 12  6
20180910 0+0+1-2+3-5 4+5 21-  2  2  3  9 12 48 32 48 20
20180911 4-5 6 6-3 3 4-2+32+ 22 48 80 67 15 15 22  9 35
20180912 2 2 1 1+2-3-2 4 17-  7  7  4  5  6 12  7 27  9
20180913 4 4 3 3 3 3+2-3 25  27 27 15 15 15 18  6 15 17
20180914 4+4 2+2 2 2-3-3 22  32 27  9  7  7  6 12 15 14
20180915 3-2 2 2-2 1 1-2+14+ 12  7  7  6  7  4  3  9  7
20180916 2-2+1+1+1-0+1 2-10+  6  9  5  5  3  2  4  6  5
20180917 3+3-2 2-2 3-3-3-20- 18 12  7  6  7 12 12 12 11
20180918 2+2 2 2 1-1-1-1 11+  9  7  7  7  3  3  3  4  5
20180919 1 2+1+0+0+1-0 0  6   4  9  5  2  2  3  0  0  3
20180920 0+0 1-0+0+0 0 0  2-  2  0  3  2  2  0  0  0  1
20180921 0 1-0+1-1-1+1+4+ 9+  0  3  2  3  3  5  5 32  7
20180922 5-4+4-4 4+3-4 4-31+ 39 32 22 27 32 12 27 22 27
20180923 3+3-2-2+2+2 2 2+19- 18 12  6  9  9  7  7  9 10
20180924 2+2 1+2 1 1-2-2-13-  9  7  5  7  4  3  6  6  6
20180925 2 3-1 2+3 2 3-3-18+  7 12  4  9 15  7 12 12 10
20180926 1 2-2 1 2-3-1+2+14-  4  6  7  4  6 12  5  9  7
20180927 1+2 2-2-2-1-0+2+12-  5  7  6  6  6  3  2  9  6
20180928 3 3 3-1-0+0+1-2-12+ 15 15 12  3  2  2  3  6  7
20180929 2+3-2 2 2 2 1 3+17+  9 12  7  7  7  7  4 18  9
20180930 1+2+0+1 1-0+2-2- 9+  5  9  2  4  3  2  6  6  5
20181001 0 1+1 1+4-3-2+2+15-  0  5  4  5 22 12  9  9  8
20181002 4-3-2 0+1+1-2-0+13- 22 12  7  2  5  3  6  2  7
20181003 0+1-1-2-1-1 2-2+ 9   2  3  3  6  3  4  6  9  4
20181004 1+0+0+0+1 2-1+1  7+  5  2  2  2  4  6  5  4  4
20181005 3 3-2-2 3-1-1 2+16  15 12  6  7 12  3  4  9  8
20181006 3 1 1 1 1-0+0 0  7  15  4  4  4  3  2  0  0  4
20181007 0+1-1 2+4-5+5+5-23+  2  3  4  9 22 56 56 39 24
20181008 4 4+4-2 4+4-2 2-26- 27 32 22  7 32 22  7  6 19
20181009 3 3-3 4-3 4-3-3 25- 15 12 15 22 15 22 12 15 16
20181010 3+1 2-2 3+3 5-3-22- 18  4  6  7 18 15 39 12 15
20181011 3 3-2 2-2 3-2 1+17+ 15 12  7  6  7 12  7  5  9
20181012 1+2-1 1+1-1+1+2-10+  5  6  4  5  3  5  5  6  5
20181013 1 2+1+0+2-4+4 3+18+  4  9  5  2  6 32 27 18 13
20181014 2 1+1-2-1+1+1 2-11   7  5  3  6  5  5  4  6  5
20181015 3 2-2-2-2+3-3-3-18+ 15  6  6  6  9 12 12 12 10
20181016 2 1-1 1+2-2-1-1-10-  7  3  4  5  6  6  3  3  5
20181017 0 1 2-0+0+1-0 0  4   0  4  6  2  2  3  0  0  2
20181018 0+0 0+0 0 0 0 0  1-  2  0  2  0  0  0  0  0  0
20181019 0 0+0+0+0+0 1-0+ 2+  0  2  2  2  2  0  3  2  2
20181020 0 0 0 0 0+0 0+0+ 1   0  0  0  0  2  0  2  2  1
20181021 0+0 0 2 2 2-1+1  8+  2  0  0  7  7  6  5  4  4
20181022 3-2-2-1-1 1-1 1 10+ 12  6  6  3  4  3  4  4  5
20181023 1 1 0+1 1-0+0 0+ 5-  4  4  2  4  3  2  0  2  3
20181024 0+0+1 1+0+0+1 1  6-  2  2  4  5  2  2  4  4  3
20181025 0+2 0+2-1+2 2 2-11+  2  7  2  6  5  7  7  6  5
20181026 2 1+1-2-1+1 2 2+12+  7  5  3  6  5  4  7  9  6
20181027 1-2-2-1 0+0 0+0  6-  3  6  6  4  2  0  2  0  3
20181028 1+1-1-1-0+1-0+1- 5+  5  3  3  3  2  3  2  3  3
20181029 0 0 0 0 0+0+0+0+ 1+  0  0  0  0  2  2  2  2  1
20181030 2 2-1-0+0 0+1-1  7-  7  6  3  2  0  2  3  4  3
20181031 1-0 0 0+1+2-2-1+ 7   3  0  0  2  5  6  6  5  3
20181101 1-1+2 2-1 1 0+1+ 9+  3  5  7  6  4  4  2  5  4
20181102 3-0+0+1+1-1 1-0+ 7+ 12  2  2  5  3  4  3  2  4
20181103 2 2 0+0+0+0 0+1+ 7-  7  7  2  2  2  0  2  5  3
20181104 1 1-1-1-1 3-5-5+17-  4  3  3  3  4 12 39 56 16
20181105 4+6-5 5-3+3+4-2+32+ 32 67 48 39 18 18 22  9 32
20181106 2 4-1+2-1+1 0+2-13   7 22  5  6  5  4  2  6  7
20181107 3 3+3-1 1+1 2 2+17- 15 18 12  4  5  4  7  9  9
20181108 3 4 2 3+1 1 2-1+17+ 15 27  7 18  4  4  6  5 11
20181109 1+0+1 2-1+3 4-4 16+  5  2  4  6  5 15 22 27 11
20181110 2 2-2 4+2 1+4-3+20+  7  6  7 32  7  5 22 18 13
20181111 3 2+2-1 1-0+3-2 14- 15  9  6  4  3  2 12  7  7
20181112 2+3+3 2-2-1 2 2+17+  9 18 15  6  6  4  7  9  9
20181113 2 1 1 1-0+0 0+0  5+  7  4  4  3  2  0  2  0  3
20181114 0 1-0+0+1 1 1+1- 5+  0  3  2  2  4  4  5  3  3
20181115 0 0+0 0+0 1-0 1- 2   0  2  0  2  0  3  0  3  1
20181116 0 0 0 0 0+1 0 0  1+  0  0  0  0  2  4  0  0  1
20181117 0+1-0+0 0 0 0 0  1+  2  3  2  0  0  0  0  0  1
20181118 0+1-0 0+1 1-0+1- 4   2  3  0  2  4  3  2  3  2
20181119 1+1+1-0+0+2-1+2- 9-  5  5  3  2  2  6  5  6  4
20181120 3-3 1+1 0 1-0+1-10- 12 15  5  4  0  3  2  3  6
20181121 1+3-1 1 1-0+0+1- 8   5 12  4  4  3  2  2  3  4
20181122 1 0 1-0+0+0+0+0  3   4  0  3  2  2  2  2  0  2
20181123 1-1 1-1-0+0 0 0+ 4-  3  4  3  3  2  0  0  2  2
20181124 0 0 0+0+1 2-1-1+ 5+  0  0  2  2  4  6  3  5  3
20181125 1-1-0+1-1 1-0 1- 5-  3  3  2  3  4  3  0  3  3
20181126 1-1-0 0 0 0+0+1- 3-  3  3  0  0  0  2  2  3  2
20181127 1-1-0 1-2-2+2+2 10+  3  3  0  3  6  9  9  7  5
20181128 1 0+0 0 0 1-1-1  4-  4  2  0  0  0  3  3  4  2
20181129 2 0+0+0+0 0 0 1  4   7  2  2  2  0  0  0  4  2
20181130 1+0+0 0+0+0 1-0  3   5  2  0  2  2  0  3  0  2
20181201 0 1+1-0+2-3-3 2-11+  0  5  3  2  6 12 15  6  6
20181202 2-2 2 2-2 3 3 4-19   6  7  7  6  7 15 15 22 11
20181203 2+1 1+2-2 3 3 2 16+  9  4  5  6  7 15 15  7  8
20181204 3 3-2 1+0+2-2-2+15  15 12  7  5  2  6  6  9  8
20181205 2-2-0+0+1+1 1-2  9   6  6  2  2  5  4  3  7  4
20181206 2 2 1 1-2 1-1-1-10-  7  7  4  3  7  3  3  3  5
20181207 1 2+3-2 2 2+3+2+18   4  9 12  7  7  9 18  9  9
20181208 2+3-3 2-2 3+2+2-19   9 12 15  6  7 18  9  6 10
20181209 1+1+1 1 1+3-3 4-15+  5  5  4  4  5 12 15 22  9
20181210 3-3 3 2+2+2-1+1+18- 12 15 15  9  9  6  5  5 10
20181211 1 2 3-2 0+3-3-1+15-  4  7 12  7  2 12 12  5  8
20181212 2 1-1-1-1-1-2-1- 8-  7  3  3  3  3  3  6  3  4
20181213 0 1 0+0 0+1-0 0  2+  0  4  2  0  2  3  0  0  1
20181214 0+1-0 0+0 1-0 0+ 2+  2  3  0  2  0  3  0  2  2
20181215 0+0 0 0 0+0+0+0+ 2-  2  0  0  0  2  2  2  2  1
20181216 0+0 1-0+0+1-0+0+ 3   2  0  3  2  2  3  2  2  2
20181217 0 1-2-1-1+1+2+2 10   0  3  6  3  5  5  9  7  5
20181218 3-1+1 1 2-2-3-1-13- 12  5  4  4  6  6 12  3  6
20181219 1-1+1+2 1-2-1+2 11   3  5  5  7  3  6  5  7  5
20181220 3 3 3 2-1-2 3-3-19- 15 15 15  6  3  7 12 12 11
20181221 2 1 1 1 1-0+2-1  9-  7  4  4  4  3  2  6  4  4
20181222 1-1 0 0+0+0 1-0  3   3  4  0  2  2  0  3  0  2
20181223 1-0 0 0+0+0+0+0+ 2+  3  0  0  2  2  2  2  2  2
20181224 1-0 0 1-1-0 1-1+ 4   3  0  0  3  3  0  3  5  2
20181225 1-2-0 0 1-1 1+1  6+  3  6  0  0  3  4  5  4  3
20181226 0+0 0 0+1 1-0+0  3-  2  0  0  2  4  3  2  0  2
20181227 2-1+0+0 0 0 1-2+ 6+  6  5  2  0  0  0  3  9  3
20181228 4 4 4+3 4-3 3+3+29- 27 27 32 15 22 15 18 18 22
20181229 2+3 3-2 2+2-2 2 18   9 15 12  7  9  6  7  7  9
20181230 2 3 3-2 2 3 2 1+18   7 15 12  7  7 15  7  5  9
20181231 3 2 2-2-2+1 0+1 13  15  7  6  6  9  4  2  4  7
