YYYYMMDD Kp[8]           Sum ap[8]                   Ap
20170101 3+4-3-2+2+3 2 2-21  18 22 12  9  9 15  7  6 12
20170102 2-2+2 2-1+2 0+1-12   6  9  7  6  5  7  2  3  6
20170103 0+2-2 4-3-3 3-3-19-  2  6  7 22 12 15 12 12 11
20170104 1 2-1+2 2+2+4-3+18-  4  6  5  7  9  9 22 18 10
20170105 3+3+2 2 3 4-4-4 25  18 18  7  7 15 22 22 27 17
20170106 4-4-3-2+3-3-3-3 23+ 22 22 12  9 12 12 12 15 14
20170107 4-3 3+3-4+4 3+3 27+ 22 15 18 12 32 27 18 15 20
20170108 3 3-2+3+3 3-4-4 25- 15 12  9 18 15 12 22 27 16
20170109 3+2+2-2 3+3+1+2+20- 18  9  6  7 18 18  5  9 11
20170110 2 2 2 1-1 4-3 3-17   7  7  7  3  4 22 15 12 10
20170111 3-2 2-0+1 2+2+2 14+ 12  7  6  2  4  9  9  7  7
20170112 2 2+0 0+0 0 1+2- 8-  7  9  0  2  0  0  5  6  4
20170113 1 1 0 0+1-2-1+1  7   4  4  0  2  3  6  5  4  4
20170114 1 2-1 0+1-1 1-1  7+  4  6  4  2  3  4  3  4  4
20170115 2 1 2-1-1 1-2 0+ 9+  7  4  6  3  4  3  7  2  4
20170116 1-0+0+0 0 0 1-0+ 2+  3  2  2  0  0  0  3  2  2
20170117 1-0 0+0+1 2 0+0+ 5   3  0  2  2  4  7  2  2  3
20170118 0+3-3-3-3+3+4-3+22   2 12 12 12 18 18 22 18 14
20170119 3+3-3-3-2-2 1 2-18- 18 12 12 12  6  7  4  6 10
20170120 3 3+2 1+2+1 2+3-18  15 18  7  5  9  4  9 12 10
20170121 3+1+2 2-1+2-3+3+18  18  5  7  6  5  6 18 18 10
20170122 3+3-2+2 2+2-2-2-18- 18 12  9  7  9  6  6  6  9
20170123 0 0 1-1-1-2 2 2  8   0  0  3  3  3  7  7  7  4
20170124 2 1-0+0+0 0 1-1- 5-  7  3  2  2  0  0  3  3  2
20170125 2 3 1 2-0+0 0 1- 9-  7 15  4  6  2  0  0  3  5
20170126 0 0 2 2 3 4-4-3-17   0  0  7  7 15 22 22 12 11
20170127 4+4+4 4-4-3+1+2-26+ 32 32 27 22 22 18  5  6 20
20170128 3 3 2-1 1-1 2 3+16- 15 15  6  4  3  4  7 18  9
20170129 3-2+2-1+2 2-1+0+13+ 12  9  6  5  7  6  5  2  6
20170130 0+1 1 1 2+2 1+3-12-  2  4  4  4  9  7  5 12  6
20170131 3-3 3+3+3+4+4 5-29- 12 15 18 18 18 32 27 39 22
20170201 4+3+3+3 4 5 3+5 31+ 32 18 18 15 27 48 18 48 28
20170202 3+4-4-3+3-4-4-4+28+ 18 22 22 18 12 22 22 32 21
20170203 3+4-4+2+3 3+3 3 26  18 22 32  9 15 18 15 15 18
20170204 2+3+3-2 2 2-2+2+19-  9 18 12  7  7  6  9  9 10
20170205 3 4-3 2 3-3+4-2 23+ 15 22 15  7 12 18 22  7 15
20170206 3 3 2-2-3-3 2+4-21  15 15  6  6 12 15  9 22 12
20170207 3-2+1 1+3-2-2-1+15- 12  9  4  5 12  6  6  5  7
20170208 1 0 1-1 2-2-1 1+ 8+  4  0  3  4  6  6  4  5  4
20170209 2 1+1 2-1 2 2+2+14-  7  5  4  6  4  7  9  9  6
20170210 2+1 2 1+2 2+1+2+15-  9  4  7  5  7  9  5  9  7
20170211 3-1 1-1-0+0 1-0+ 6+ 12  4  3  3  2  0  3  2  4
20170212 1-0 0+0+0+1+2-0+ 5   3  0  2  2  2  5  6  2  3
20170213 2+1+0+1-0+2 2-1+10   9  5  2  3  2  7  6  5  5
20170214 0 0 0 0 0 0+1-1- 2-  0  0  0  0  0  2  3  3  1
20170215 0 0 1-1-1-1-1+1- 5-  0  0  3  3  3  3  5  3  2
20170216 1-2 2+1-2+3+2+2 16-  3  7  9  3  9 18  9  7  8
20170217 2-4-4+4 2+3+3-4 26   6 22 32 27  9 18 12 27 19
20170218 4+4+2+2-1+2 3 3+22+ 32 32  9  6  5  7 15 18 16
20170219 3 3+2+1 1+3-3 0+17  15 18  9  4  5 12 15  2 10
20170220 0+3+2-2-2 3-3 1+16   2 18  6  6  7 12 15  5  9
20170221 2 2 1-0+0+1-0 2  8   7  7  3  2  2  3  0  7  4
20170222 4-3 2+2+1 2-2-1-16+ 22 15  9  9  4  6  6  3  9
20170223 2-2+2 2-2+3+2+3 19-  6  9  7  6  9 18  9 15 10
20170224 5-3+3 4 3+3-2-3-25+ 39 18 15 27 18 12  6 12 18
20170225 3-3-2-1+1-0+0+2-11+ 12 12  6  5  3  2  2  6  6
20170226 1-1 0 0+1-0 0 0  3-  3  4  0  2  3  0  0  0  2
20170227 1-2-1 1+1+1 3 3-13-  3  6  4  5  5  4 15 12  7
20170228 3-2+2-1+1+1-2+3-15  12  9  6  5  5  3  9 12  8
20170301 3 3 3+5-5-4+5+6-34  15 15 18 39 39 32 56 67 35
20170302 5+4+4 5-5-3+4+2+33  56 32 27 39 39 18 32  9 32
20170303 3+4 4 4-3 4 2 1 25  18 27 27 22 15 27  7  4 18
20170304 4+4 3 3 3-3 3-4+27  32 27 15 15 12 15 12 32 20
20170305 3-3-3 3 3-3 4+4 25+ 12 12 15 15 12 15 32 27 18
20170306 4 3 1+4-4-3+5 4 28  27 15  5 22 22 18 48 27 23
20170307 3-3+3+3-2+3+3 3-23+ 12 18 18 12  9 18 15 12 14
20170308 3 1+1-2 3-2-4-4-19- 15  5  3  7 12  6 22 22 12
20170309 4-3 2 3+3-2 3 2+22  22 15  7 18 12  7 15  9 13
20170310 2 3 3+3+2+1 0+2-17   7 15 18 18  9  4  2  6 10
20170311 1-0+1+1-0 1-1+4- 9-  3  2  5  3  0  3  5 22  5
20170312 3+4-1+1-2 1 1-1-13+ 18 22  5  3  7  4  3  3  8
20170313 0 1+1 1-1-0+0 0  4   0  5  4  3  3  2  0  0  2
20170314 0+1+1-0+2-2-1 1  8   2  5  3  2  6  6  4  4  4
20170315 1-1+2-2-1 1-1+3 11+  3  5  6  6  4  3  5 15  6
20170316 3-2 0 0+1 0+1 1+ 9- 12  7  0  2  4  2  4  5  4
20170317 0 1+1 0+0 0+0+1+ 5-  0  5  4  2  0  2  2  5  2
20170318 1 0 0+0 0 0 1-1  3   4  0  2  0  0  0  3  4  2
20170319 0 0 1-1-0 0+0+1- 3-  0  0  3  3  0  2  2  3  2
20170320 0+0 0+0+0 1-0+0  2   2  0  2  2  0  3  2  0  1
20170321 1 3+4 2+3 5-5+4 28-  4 18 27  9 15 39 56 27 24
20170322 4 4-3-3+4-4 4+4+30  27 22 12 18 22 27 32 32 24
20170323 4 3+2 2-1 2 1-1-15+ 27 18  7  6  4  7  3  3  9
20170324 2 2+1+1-2-2-1-0+11-  7  9  5  3  6  6  3  2  5
20170325 0 1+0+1-1-1 0+1  5+  0  5  2  3  3  4  2  4  3
20170326 2-0 0+1-1 1 0 1+ 6   6  0  2  3  4  4  0  5  3
20170327 2+5 5-6-4+5+6+4 38-  9 48 39 67 32 56 94 27 46
20170328 5+5+3+4-3+3 3+3 30+ 56 56 18 22 18 15 18 15 27
20170329 4-3+4 3+3 4+2 3+27  22 18 27 18 15 32  7 18 20
20170330 3+4 3-2-3 3+4 4+26+ 18 27 12  6 15 18 27 32 19
20170331 5-5-4+4-4 4 3 3+32- 39 39 32 22 27 27 15 18 27
20170401 3-3-3 3 3-4+3 2+24- 12 12 15 15 12 32 15  9 15
20170402 2 2+2 1+2+3 1 0+14+  7  9  7  5  9 15  4  2  7
20170403 0+1-1-1+2 1+1-1- 8-  2  3  3  5  7  5  3  3  4
20170404 3-4-5-5-3 1+1-3 24- 12 22 39 39 15  5  3 15 19
20170405 2-1 2+1+1+2 2+3+15+  6  4  9  5  5  7  9 18  8
20170406 1+0+1 1+2+3 2-1+12+  5  2  4  5  9 15  6  5  6
20170407 3 2 2 2-1-1-3-3+16  15  7  7  6  3  3 12 18  9
20170408 3 3 4-3-2 2 3-4+23+ 15 15 22 12  7  7 12 32 15
20170409 4 5-3 3-2+2+1-1 21- 27 39 15 12  9  9  3  4 15
20170410 2+0+0+0+2 1+1 1+ 9   9  2  2  2  7  5  4  5  4
20170411 1 1+3-3 2+2 4-2+18+  4  5 12 15  9  7 22  9 10
20170412 3 2 1+1 0+0+0+0  8+ 15  7  5  4  2  2  2  0  5
20170413 0+1 0+0 1-1+2+1+ 7+  2  4  2  0  3  5  9  5  4
20170414 3 3+3-2 3-2 3-2 20+ 15 18 12  7 12  7 12  7 11
20170415 3+2 2-0+1-1-1+0+10+ 18  7  6  2  3  3  5  2  6
20170416 1-1-1+1 0+0+1 1  6+  3  3  5  4  2  2  4  4  3
20170417 0+0+1+1-1+1-1-1  6+  2  2  5  3  5  3  3  4  3
20170418 2+0+0+1-1 1+2-3 11-  9  2  2  3  4  5  6 15  6
20170419 3 4+3+1+1-2 3 3 21- 15 32 18  5  3  7 15 15 14
20170420 5-6-4 5-3+3-3 2+30+ 39 67 27 39 18 12 15  9 28
20170421 0+1+1 0+2-4+5 5-19-  2  5  4  2  6 32 48 39 17
20170422 5 6-5 5 5 5-4-5+39+ 48 67 48 48 48 39 22 56 47
20170423 4 4 5+4+5 5-4 4+36- 27 27 56 32 48 39 27 32 36
20170424 3+4 3+4-2 3+4-3+27- 18 27 18 22  7 18 22 18 19
20170425 3-3-2+2 3 2 2+2 19  12 12  9  7 15  7  9  7 10
20170426 3-1+2+1+2-2+2+2+16+ 12  5  9  5  6  9  9  9  8
20170427 2+2+2+1-1-1-2 1+12+  9  9  9  3  3  3  7  5  6
20170428 1 1 2-1-1+1 1+2+10+  4  4  6  3  5  4  5  9  5
20170429 2-1 2-1+1 1 2 2 12-  6  4  6  5  4  4  7  7  5
20170430 1+1-1-1+1 2-2 2-10+  5  3  3  5  4  6  7  6  5
20170501 2+2 0 0+0+1-1+2  9   9  7  0  2  2  3  5  7  4
20170502 0+2 1-1+0+1-0+2- 7+  2  7  3  5  2  3  2  6  4
20170503 1-1-0+1 1+1 0+0  5+  3  3  2  4  5  4  2  0  3
20170504 0 1+2-1-1-0+1+3+ 9+  0  5  6  3  3  2  5 18  5
20170505 3 2-0 0+1 0+0+0+ 7  15  6  0  2  4  2  2  2  4
20170506 1-2-1 1 1 1-1+1  8+  3  6  4  4  4  3  5  4  4
20170507 2-3-3-1+1-1+3 2 15+  6 12 12  5  3  5 15  7  8
20170508 2+1-2 1+1-1 2-1 11-  9  3  7  5  3  4  6  4  5
20170509 1 1+1 1 2 2 1 1+11-  4  5  4  4  7  7  4  5  5
20170510 2-1 0 0 3-1 1 3-10   6  4  0  0 12  4  4 12  5
20170511 1+3-2-1-1 1 1 2-11   5 12  6  3  4  4  4  6  6
20170512 2-1 2+2+3-1 1+1+14-  6  4  9  9 12  4  5  5  7
20170513 0+1+1-1 1-1-1 1+ 7   2  5  3  4  3  3  4  5  4
20170514 2 2-1+3 3-2 2-2+17-  7  6  5 15 12  7  6  9  8
20170515 0+2-2+4-2 3-4-3-19   2  6  9 22  7 12 22 12 12
20170516 3-2+2-2-3-1+1 1+15- 12  9  6  6 12  5  4  5  7
20170517 2+2-2 2 2-1+2-2 15-  9  6  7  7  6  5  6  7  7
20170518 4-3 3 1+0+1 1+2-15+ 22 15 15  5  2  4  5  6  9
20170519 2 3-2 1+2 4-4-3 20+  7 12  7  5  7 22 22 15 12
20170520 4-4-4 4-4-4+3 3-29- 22 22 27 22 22 32 15 12 22
20170521 2+3-2+2-2-1+2 2-16-  9 12  9  6  6  5  7  6  8
20170522 2-2 2-2 2+2 3-3 17+  6  7  6  7  9  7 12 15  9
20170523 2-3 1+1 2-1+2+2+15-  6 15  5  4  6  5  9  9  7
20170524 1+1 1 1 1-0+0+0+ 6   5  4  4  4  3  2  2  2  3
20170525 0 0+0 0+1 1 0+1  4   0  2  0  2  4  4  2  4  2
20170526 1 0+0+1-0+0+1-0  4-  4  2  2  3  2  2  3  0  2
20170527 1-0+0 0 1 3 3-6-13+  3  2  0  0  4 15 12 67 13
20170528 6+7 6 5 4-2-1 1-31+ 94132 80 48 22  6  4  3 49
20170529 0+1-1-2 4 3+2+1-14   2  3  3  7 27 18  9  3  9
20170530 2 3+1 1-0+1-0+0+ 9-  7 18  4  3  2  3  2  2  5
20170531 0 1+0+0+1 1-1-1+ 6-  0  5  2  2  4  3  3  5  3
20170601 0+1-1-0+1+3-2+3-11   2  3  3  2  5 12  9 12  6
20170602 2-1+1-1 1 1-1 1  8+  6  5  3  4  4  3  4  4  4
20170603 0+0+2-2 3+4-2-1 14   2  2  6  7 18 22  6  4  8
20170604 1-1-0+0+0+0 0+0+ 3   3  3  2  2  2  0  2  2  2
20170605 1-1 0+1 3-1+1 1+ 9+  3  4  2  4 12  5  4  5  5
20170606 2 2 1 1-1 1-0+1- 8+  7  7  4  3  4  3  2  3  4
20170607 1-2-2-1-1 1 0+1+ 8+  3  6  6  3  4  4  2  5  4
20170608 1 1-0+0+1+1-0+1  6-  4  3  2  2  5  3  2  4  3
20170609 2+1 0 0+1-1-1-0+ 6   9  4  0  2  3  3  3  2  3
20170610 1+1 0+1-0+0+1-1- 5+  5  4  2  3  2  2  3  3  3
20170611 0+2 2+1+3 5 4-3-20+  2  7  9  5 15 48 22 12 15
20170612 1+1+1 1-2+2 2+2+13+  5  5  4  3  9  7  9  9  6
20170613 3-2-1 2+1+2 1 0+12+ 12  6  4  9  5  7  4  2  6
20170614 0 1-1+2+2 2 1 1-10   0  3  5  9  7  7  4  3  5
20170615 2-1 0+1 1-0+1 0+ 6+  6  4  2  4  3  2  4  2  3
20170616 1 2 4 4-5-4-3+5 27+  4  7 27 22 39 22 18 48 23
20170617 4-4-1+2 2 2 4 3+22  22 22  5  7  7  7 27 18 14
20170618 3+3 2 2 2+2-2+2 19- 18 15  7  7  9  6  9  7 10
20170619 1+2 2-2-2-0+0+0+ 9+  5  7  6  6  6  2  2  2  4
20170620 0 1-1 0+0+1 0 0  3+  0  3  4  2  2  4  0  0  2
20170621 0 0+0+0+1 1 2-2- 6+  0  2  2  2  4  4  6  6  3
20170622 2+1 1-0+0+0+2+1  8+  9  4  3  2  2  2  9  4  4
20170623 1 0+1-1 1-1-2 2+ 9-  4  2  3  4  3  3  7  9  4
20170624 1+1+2-3-2+2 3-3-17-  5  5  6 12  9  7 12 12  8
20170625 2 2 3+2+2+2 2-2 18-  7  7 18  9  9  7  6  7  9
20170626 2+2-1-2 2-2-2 1+13+  9  6  3  7  6  6  7  5  6
20170627 2-1+1-1 1+1 1-1- 8+  6  5  3  4  5  4  3  3  4
20170628 1+2-1 1+1-0+0 0+ 7-  5  6  4  5  3  2  0  2  3
20170629 0+2-2 2-1-1-1-1- 8+  2  6  7  6  3  3  3  3  4
20170630 0 0+1-1-1 1-1-2- 6-  0  2  3  3  4  3  3  6  3
20170701 2-3+3-2-3-3 3+2 20+  6 18 12  6 12 15 18  7 12
20170702 3-3-4+4+3-2-3 3+25- 12 12 32 32 12  6 15 18 17
20170703 2-2 1+1+1-1 1-2-10+  6  7  5  5  3  4  3  6  5
20170704 1 1+1 0+0+0+1 2- 7   4  5  4  2  2  2  4  6  4
20170705 0+0+0 0+0+0 0+1- 2+  2  2  0  2  2  0  2  3  2
20170706 1-1-1+1 2-2-1+3 11+  3  3  5  4  6  6  5 15  6
20170707 2 1+0+0+1-1 1 1+ 8   7  5  2  2  3  4  4  5  4
20170708 1 0+0+1-0+0+1-0+ 4   4  2  2  3  2  2  3  2  2
20170709 5 3 2 5+2 3 4 3+28- 48 15  7 56  7 15 27 18 24
20170710 3+4-2-1 1-1 1-2-14- 18 22  6  4  3  4  3  6  8
20170711 2-2+2+1+2-2 1 1+14-  6  9  9  5  6  7  4  5  6
20170712 1 1-1-1-1 1+1-1- 7-  4  3  3  3  4  5  3  3  4
20170713 1-1-0+0+1+1-1-1  6-  3  3  2  2  5  3  3  4  3
20170714 0+0+0+0+1-1-0+0+ 3+  2  2  2  2  3  3  2  2  2
20170715 1-1 1-0+0+1-1-1  5+  3  4  3  2  2  3  3  4  3
20170716 2 1 5-5+6-5+6 5-35-  7  4 39 56 67 56 80 39 44
20170717 3 4+4 4 4+6-2-2-29- 15 32 27 27 32 67  6  6 26
20170718 2+3 2-1 1 1-0+1+11+  9 15  6  4  4  3  2  5  6
20170719 0+1-0+1-0+1 1+1- 5+  2  3  2  3  2  4  5  3  3
20170720 1-1-1-1-1+2 3 3-12-  3  3  3  3  5  7 15 12  6
20170721 4-3+2+1+2+3+1+3 21- 22 18  9  5  9 18  5 15 13
20170722 3 2+4+4+2-2+2+2+23- 15  9 32 32  6  9  9  9 15
20170723 3-2 3-3-3-2+2+4 21+ 12  7 12 12 12  9  9 27 12
20170724 2 3-3 2-2+2+2-3+19   7 12 15  6  9  9  6 18 10
20170725 2+1+2 2+3-2 2+3 18   9  5  7  9 12  7  9 15  9
20170726 4-2+4 1+2 1+1+0 16  22  9 27  5  7  5  5  0 10
20170727 0+1 1 1-1+3-1-2+10   2  4  4  3  5 12  3  9  5
20170728 1+1 1-1+2 3-3-2-13+  5  4  3  5  7 12 12  6  7
20170729 0+1 1+1 1-1 0+1- 6+  2  4  5  4  3  4  2  3  3
20170730 1 1 1-1-0+1-1 0  5+  4  4  3  3  2  3  4  0  3
20170731 0 1 0+1-1 0+0+1- 4+  0  4  2  3  4  2  2  3  2
20170801 1-1-1+2-2+1 0+1- 9-  3  3  5  6  9  4  2  3  4
20170802 1 1-0+1 2-2-1-1  8   4  3  2  4  6  6  3  4  4
20170803 0+1-0+1 2-4-4-4-15   2  3  2  4  6 22 22 22 10
20170804 2+3+4-4+4+4+3+3-28+  9 18 22 32 32 32 18 12 22
20170805 3-4-3-2 3-4-3+3 24- 12 22 12  7 12 22 18 15 15
20170806 3+2 2+4+2+1+3-2 20+ 18  7  9 32  9  5 12  7 12
20170807 1-2-2-2 2-1-0+1- 9+  3  6  6  7  6  3  2  3  4
20170808 0+1-1-1 1 2-2 1- 8   2  3  3  4  4  6  7  3  4
20170809 0 0+1 1 1+1 1+1  7   0  2  4  4  5  4  5  4  4
20170810 0 1 1+1+2 1 0+2- 9-  0  4  5  5  7  4  2  6  4
20170811 2-2-1+1+1+2-3 1+13+  6  6  5  5  5  6 15  5  7
20170812 3-3+2 1 1+1-3-3-16+ 12 18  7  4  5  3 12 12  9
20170813 2+2 2-1+2 1+2-2 14+  9  7  6  5  7  5  6  7  6
20170814 2 1 0+1 1+1 1 1  9-  7  4  2  4  5  4  4  4  4
20170815 1-1 0+0+0 0+0+1  4   3  4  2  2  0  2  2  4  2
20170816 1+1-1 1+1+1+2 2 11   5  3  4  5  5  5  7  7  5
20170817 3-2 5-5-5-3 4-4-29  12  7 39 39 39 15 22 22 24
20170818 4+3 2-3 4-3 5-3-26  32 15  6 15 22 15 39 12 20
20170819 4+3+5-4+4 5-3 4+33- 32 18 39 32 27 39 15 32 29
20170820 4+5 3 2+2+3+3 3 26+ 32 48 15  9  9 18 15 15 20
20170821 2+2+3 3-2-1+2 3-18   9  9 15 12  6  5  7 12  9
20170822 5-4+3 2-3-2+2 3+24  39 32 15  6 12  9  7 18 17
20170823 3 4-3 2+4+5-5-3-28+ 15 22 15  9 32 39 39 12 23
20170824 3 4-3 2-2+2-0+0+16  15 22 15  6  9  6  2  2 10
20170825 0 1-1+1+2-1 1-2- 8+  0  3  5  5  6  4  3  6  4
20170826 0+0+1 0+1-1+1 1- 6-  2  2  4  2  3  5  4  3  3
20170827 2+1 0+2-1+3-3 3 15+  9  4  2  6  5 12 15 15  8
20170828 1-1-1-1-0+1-0 1- 4+  3  3  3  3  2  3  0  3  2
20170829 1 1+1+1 1 2+4 2+14+  4  5  5  4  4  9 27  9  8
20170830 2 2 1 0+0 0+1-0  6+  7  7  4  2  0  2  3  0  3
20170831 2-3 5+5+5 4 4-3-31-  6 15 56 56 48 27 22 12 30
20170901 3+3+2 4 4-2 2 4-24  18 18  7 27 22  7  7 22 16
20170902 4-5-5-3 2-3-3-3 26  22 39 39 15  6 12 12 15 20
20170903 2+2+1-2-3-2 1-2 14+  9  9  3  6 12  7  3  7  7
20170904 4-3+2-2 2-3-4-5-23+ 22 18  6  7  6 12 22 39 16
20170905 4 3 2+2-2 2+3-1+19+ 27 15  9  6  7  9 12  5 11
20170906 1+1+1+3-3 2-0+3+15   5  5  5 12 15  6  2 18  8
20170907 3-4-4-4-3-2 3-8-29- 12 22 22 22 12  7 12179 36
20170908 8 5-4+5 8+7+6+5-49-207 39 32 48236154 94 39106
20170909 2+2-0+0+1-0+0 0  6-  9  6  2  2  3  2  0  0  3
20170910 0 0 0 0 0+3-2 3  8   0  0  0  0  2 12  7 15  4
20170911 3+3-2+2 3-2 3-3-20+ 18 12  9  7 12  7 12 12 11
20170912 2 2-2+2 3-2+4 5+22+  7  6  9  7 12  9 27 56 17
20170913 5+3-4-2+2-1+2-0 19- 56 12 22  9  6  5  6  0 14
20170914 2 2 1 3-4 5+4 4+25+  7  7  4 12 27 56 27 32 22
20170915 6-4-4+3 4 3+5+5-34  67 22 32 15 27 18 56 39 34
20170916 5 5+3+3+4 4 3 3 31  48 56 18 18 27 27 15 15 28
20170917 3 3+2 2+4-4 2+1+22  15 18  7  9 22 27  9  5 14
20170918 4+4-4 4 3-3-3-3+27+ 32 22 27 27 12 12 12 18 20
20170919 2+2-1 2-1+2 3-2+15   9  6  4  6  5  7 12  9  7
20170920 3 3+2 2 2 1 2 1-16  15 18  7  7  7  4  7  3  8
20170921 1-1+2+1+2-0+1+2-11-  3  5  9  5  6  2  5  6  5
20170922 1+1 1 0+1 1 2+2+10+  5  4  4  2  4  4  9  9  5
20170923 1-1+1 1-1 1-2+1  9-  3  5  4  3  4  3  9  4  4
20170924 1 2-1-1-1 2-2+3-12-  4  6  3  3  4  6  9 12  6
20170925 2+2+1 1-0+0+0+0+ 8-  9  9  4  3  2  2  2  2  4
20170926 0+1-1+1 0+0 0+2  6   2  3  5  4  2  0  2  7  3
20170927 3 3-5-4 4-4-6-6+34- 15 12 39 27 22 22 67 94 37
20170928 5+6+7-5-4-4 4-5-39  56 94111 39 22 27 22 39 51
20170929 3 2+2+3-3+2-2 3-20  15  9  9 12 18  6  7 12 11
20170930 2 3-3+2 3+4 2+3 23-  7 12 18  7 18 27  9 15 14
20171001 3+2-3-2 2-3+2-3 19+ 18  6 12  7  6 18  6 15 11
20171002 1+3+1+2-1+0+0+0 10-  5 18  5  6  5  2  2  0  5
20171003 2+3 3-1 0 0+0+1 11-  9 15 12  4  0  2  2  4  6
20171004 2 2+0+0+0+0+2-2  9+  7  9  2  2  2  2  6  7  5
20171005 3 1-0+0 0 1 1 3+ 9+ 15  3  2  0  0  4  4 18  6
20171006 3-3-1+1+2 2-1+2+15+ 12 12  5  5  7  6  5  9  8
20171007 1+0+0+0+1-1-2-1  6+  5  2  2  2  3  3  6  4  3
20171008 1+2-0+0 0+0+0+1- 5   5  6  2  0  2  2  2  3  3
20171009 2 0 0 0+0 0 0 0+ 3-  7  0  0  2  0  0  0  2  1
20171010 0 0 0 0+0+0+0+2  3+  0  0  0  2  2  2  2  7  2
20171011 3+4 5-4-4 5-4 4-32  18 27 39 22 27 39 27 22 28
20171012 5 3+4 4+4+3+3 4-31  48 18 27 32 32 18 15 22 26
20171013 3-4+2 3+6-5-6-5+34- 12 32  7 18 67 39 67 56 37
20171014 5 4+5-5 4-4 3 3-32+ 48 32 39 48 22 27 15 12 30
20171015 4+5+3-4 4+4-3 1-28  32 56 12 27 32 22 15  3 25
20171016 2 3 2-2-1+1 3-2+16-  7 15  6  6  5  4 12  9  8
20171017 1+1 1+1+2-1 1+1 10   5  4  5  5  6  4  5  4  5
20171018 1 2-1-1-1 0 1 2+ 8+  4  6  3  3  4  0  4  9  4
20171019 3 2+2+2 2+4-3-3-21  15  9  9  7  9 22 12 12 12
20171020 4-2 2-1+2-0+1+2-14- 22  7  6  5  6  2  5  6  7
20171021 1+2-2-2-2+2+2+3 16+  5  6  6  6  9  9  9 15  8
20171022 3 2-0+1-1 1-1+2-10+ 15  6  2  3  4  3  5  6  6
20171023 2+1-1-2-1 1-0+1  8+  9  3  3  6  4  3  2  4  4
20171024 2-1-2 3-4+5-2+5-23   6  3  7 12 32 39  9 39 18
20171025 4-4-5-3+2+2+3 3+26+ 22 22 39 18  9  9 15 18 19
20171026 3+2+4-3-4-4+3 1+24+ 18  9 22 12 22 32 15  5 17
20171027 2 1+1 1 0+0 1+1+ 8+  7  5  4  4  2  0  5  5  4
20171028 1+2-1+2 1-1+1 1-10   5  6  5  7  3  5  4  3  5
20171029 1-2-0 0+1-0+1-0+ 5-  3  6  0  2  3  2  3  2  3
20171030 1-1 0 0+0 0+0 1- 3   3  4  0  2  0  2  0  3  2
20171031 1+0 0 0+2-0 0 0  3+  5  0  0  2  6  0  0  0  2
20171101 1+0 0 1-1 0 1 1- 5-  5  0  0  3  4  0  4  3  2
20171102 3-2 1+1+2-1+1+3 15- 12  7  5  5  6  5  5 15  8
20171103 3+2 2 2+3-1-1+1+16- 18  7  7  9 12  3  5  5  8
20171104 1 1 1-0+1 1-0+1+ 6+  4  4  3  2  4  3  2  5  3
20171105 0+0 0 0 0 0+1-0+ 2-  2  0  0  0  0  2  3  2  1
20171106 1-0 0 0 0 0 0 0+ 1   3  0  0  0  0  0  0  2  1
20171107 1-3-3+5-4-4-6+6-31-  3 12 18 39 22 22 94 67 35
20171108 6-6+3+4+5 4+3+5-37  67 94 18 32 48 32 18 39 44
20171109 4-3+3-3+3 4-3+4-27- 22 18 12 18 15 22 18 22 18
20171110 3 3+4-4-4-4 3 3 27+ 15 18 22 22 22 27 15 15 20
20171111 3 2+2 2 1+1+1-1 14- 15  9  7  7  5  5  3  4  7
20171112 1 2-1-1 1 1 2-2+10+  4  6  3  4  4  4  6  9  5
20171113 1+2+1+2-1 2+1 0+11+  5  9  5  6  4  9  4  2  6
20171114 3 3 3-1+2 3 2+3-20  15 15 12  5  7 15  9 12 11
20171115 2 3-3-3 2+3+2+2 20+  7 12 12 15  9 18  9  7 11
20171116 4 4+3+2+1 2-2 3-21+ 27 32 18  9  4  6  7 12 14
20171117 1 2-1+2+2-0 0 1  9   4  6  5  9  6  0  0  4  4
20171118 2-2-2 2-2-2-1 2-13   6  6  7  6  6  6  4  6  6
20171119 1-2-2+1+1-0+1 0+ 8+  3  6  9  5  3  2  4  2  4
20171120 1-0+0+0+0+2 2+4-10   3  2  2  2  2  7  9 22  6
20171121 4+5 5-3+3 4-4-4-31+ 32 48 39 18 15 22 22 22 27
20171122 2+3 2-2 3 2 3-2 19-  9 15  6  7 15  7 12  7 10
20171123 2+1 2 3-2+2-2 3-17-  9  4  7 12  9  6  7 12  8
20171124 3 2 2 1-0+0+3+3+15  15  7  7  3  2  2 18 18  9
20171125 3+3-1+1 0 1 1-0+10+ 18 12  5  4  0  4  3  2  6
20171126 0 0 1 0 1-1-1 1- 4   0  0  4  0  3  3  4  3  2
20171127 2-1+1-0+2 1 1+1  9+  6  5  3  2  7  4  5  4  4
20171128 3+2+1+2-2-0+1 1-12+ 18  9  5  6  6  2  4  3  7
20171129 1 1 2-1-0 1 1+2  9-  4  4  6  3  0  4  5  7  4
20171130 2+4 1 1+2+3 1+2+18-  9 27  4  5  9 15  5  9 10
20171201 1+3-1+1 1+3-2+1-13+  5 12  5  4  5 12  9  3  7
20171202 1-0 0+0 0+2+0+1- 5-  3  0  2  0  2  9  2  3  3
20171203 0 0 0 0+0+0 0 1- 1+  0  0  0  2  2  0  0  3  1
20171204 0 0 2-1 2+3 3+4 15+  0  0  6  4  9 15 18 27 10
20171205 3+3 4 5-5 4+4-4-32- 18 15 27 39 48 32 22 22 28
20171206 3+4 3+2-3 3-3 2+23+ 18 27 18  6 15 12 15  9 15
20171207 2 2 2+1 3+3 2+2+18+  7  7  9  4 18 15  9  9 10
20171208 1+1+2 1+2-1-1 1-10   5  5  7  5  6  3  4  3  5
20171209 1-0 0+0+2-2-1 0+ 6   3  0  2  2  6  6  4  2  3
20171210 0 0 1 0 1-1-0+1+ 4   0  0  4  0  3  3  2  5  2
20171211 1 3-2+2+3+2+2+2-18   4 12  9  9 18  9  9  6 10
20171212 2+3-2+2+1+3-4 3 21-  9 12  9  9  5 12 27 15 12
20171213 1-0 1+1 2-2 3-2+12-  3  0  5  4  6  7 12  9  6
20171214 3-1 0+0+0+0 1 1- 6+ 12  4  2  2  2  0  4  3  4
20171215 0 0 0+1 1+1 1-1+ 6-  0  0  2  4  5  4  3  5  3
20171216 0 0 1-1-1-1-0+2  5   0  0  3  3  3  3  2  7  3
20171217 3-3 5-3 3+4-5-4-29- 12 15 39 15 18 22 39 22 23
20171218 4 4-4+3+3 2+2-1-23  27 22 32 18 15  9  6  3 16
20171219 1-1 0+0+1 2-2-2+ 9   3  4  2  2  4  6  6  9  4
20171220 2 2 1 2-1-1+2-0 10+  7  7  4  6  3  5  6  0  5
20171221 0+0+1-1 1-1-0 0  4-  2  2  3  4  3  3  0  0  2
20171222 0 0+0+0 0+0 0 1  2   0  2  2  0  2  0  0  4  1
20171223 1+3-1+2-1-0 1-1- 9   5 12  5  6  3  0  3  3  5
20171224 1+2 2 2+3+3+2+3 20-  5  7  7  9 18 18  9 15 11
20171225 3 1-2 3-1+2 3 2 17- 15  3  7 12  5  7 15  7  9
20171226 3-3-1+2-1+2-4-3 18  12 12  5  6  5  6 22 15 10
20171227 2-2+1+1+1 3-2-3-15-  6  9  5  5  4 12  6 12  7
20171228 1 0+1+1 2-1+1 2- 9+  4  2  5  4  6  5  4  6  4
20171229 1-1 0+0+1-1 2+1- 7   3  4  2  2  3  4  9  3  4
20171230 0+1+0+0 1-1 0+2- 6-  2  5  2  0  3  4  2  6  3
20171231 0+0 0 0+0+1-1+2  5   2  0  0  2  2  3  5  7  3
