          data   Ap kp_0h kp_3h kp_6h kp_9h kp_12h kp_15h kp_18h kp_21h Kp_Max_dia
0   2003/10/29  204  4.67     4     9     8   7.67   7.67   8.67   8.67          9
1   2003/10/30  191  8.67  7.33  5.33  4.67      5      7      9      9          9
2   2000/07/15  164     3  3.67  4.67  4.33      8   8.67      9   8.67          9
3   2001/03/31  192  6.67  8.67  8.67  6.33      7      8   8.33   7.33       8.67
4   2004/07/27  186  8.33  7.67  7.33     8   8.67   8.33   6.33      6       8.67
5   2004/11/10  161  7.67  8.33  8.67  8.33   7.33   6.33   5.33   4.33       8.67
6   2003/11/20  150     1  3.67  6.33  6.33   7.67   8.67   8.67      8       8.67
7   2001/11/06  142  8.67  8.67     7     5   5.33   6.67   6.33   6.33       8.67
8   2004/11/08  140  8.67  8.67  8.33     7      5   2.67   4.33   5.33       8.67
9   2004/11/09  119  5.67     6     5     6      7   6.67   8.67      7       8.67
10  2005/08/24  102  2.67  3.33  6.33  8.67   7.33   6.67   6.33   4.33       8.67
11  1998/05/04  101     6  8.67  8.33  5.67      6   3.67   2.33      3       8.67
12  2000/04/07   74  8.67     6     6     4      4   4.33   3.67   3.67       8.67
13  1998/09/25  117  7.67     8  8.33     7   6.33   5.67   2.67   2.33       8.33
14  2003/10/31  116  8.33  7.67  7.33  6.67   7.33   4.67      4   4.33       8.33
15  2003/05/29  109     4  3.67  3.67     3      7   7.67   8.33   8.33       8.33
16  2017/09/08  106     8  4.67  4.33     5   8.33   7.33   6.33   4.67       8.33
17  2001/11/24  104  3.33  5.33  8.33     7   7.67   7.33      3   4.67       8.33
18  1994/04/17  100  6.67  8.33  8.33     7   4.67      3      3   3.33       8.33
19  2006/12/15   94  8.33  7.67  6.67  5.67      6      4      4   3.67       8.33
20  2005/05/08   91     6  5.33  3.67     6   8.33   7.67   5.33   3.67       8.33
21  2005/05/15   87  5.67  5.67  8.33  7.67      4      4      5      5       8.33
22  2001/04/11   85     3  2.33     2     2   3.67      8   7.67   8.33       8.33
23  2000/04/06   82  1.67  4.33  2.67  2.33   3.33   6.67   8.33   8.33       8.33
24  2002/05/23   78  2.67  2.67     2  6.67   7.67   8.33      5   3.33       8.33
25  2015/06/22   57     1  3.33  4.33     3   4.67   5.33   8.33   5.33       8.33
26  2000/09/17   56  4.67     4  2.33     3      4   4.67   5.33   8.33       8.33
27  2004/07/25  154     7  7.33  6.33  7.67   7.33      8   7.33   7.33          8
28  1998/08/27  144     8     8  7.67  6.67   6.67   6.67      7   6.33          8
29  1995/04/07  100     4  5.67     6  5.33      7      8   7.33      6          8
30  2000/05/24   93     8  7.67     6  5.67      5      5      6   4.33          8
31  1999/10/22   91     7  7.67     8  5.33   4.67   4.33   5.67   3.33          8
32  2012/03/09   87  4.67  6.33     8  7.33   6.67   5.67      3   2.33          8
33  2005/01/21   66  3.33     2  2.33  2.33   2.67   6.67      8   7.33          8
34  2004/11/07   50  1.67     3  0.67  3.33      3   4.67   6.33      8          8
35  1999/09/22   50     3     2     2  2.67      5   3.67      6      8          8
36  2000/08/12  123     5  7.33  7.67  7.67   7.33   7.33   6.33   3.67       7.67
37  2000/10/05  116  5.33  6.67  7.67  7.33   7.67   6.67   6.33      5       7.67
38  2015/03/17  108     2  4.67  5.67  5.33   7.67   7.67   7.33   7.67       7.67
39  2005/09/11  101  6.33     7  7.67  6.33      7   5.33      6   4.67       7.67
40  1994/02/21   95  2.33  2.67  3.33  7.33   7.67   7.67      6      7       7.67
41  2005/05/30   90     4  3.33  6.33  6.33   7.33   7.67   6.67   4.67       7.67
42  2005/01/18   84     7  5.67  7.67  5.67   5.33   5.33      5   5.67       7.67
43  2021/11/04   72  6.33  5.67     7  7.67   5.67   3.67   1.67      2       7.67
44  2015/06/23   72     7  7.67  6.33  5.33   5.67   2.67   3.67   3.33       7.67
45  2000/09/18   70  7.67  5.67     5     6      6      6      3      3       7.67
46  1998/11/08   66     6  7.67  7.33  4.67      4   3.33   2.67   3.33       7.67
47  1994/02/22   63  7.67  7.33  5.33  4.67   4.67      3   2.33      3       7.67
48  2013/10/02   58  5.33  7.67  5.67  3.67      3   3.33   5.67   4.67       7.67
49  2001/10/21   57     3  2.67     2  1.33      2      6   7.33   7.67       7.67